6109 4560 7400 8482 961 631 9549 4961 1050 2857 2041 1635 5118 9409 1397 6845 801 4663 1243 6725 2343 8400 7805 5547 3292 5786 2394 3179 1156 7185 2694 595 8309 9276 5335 5813 5260 795 1512 195 2533 5734 4503 8003 693 8121 9113 8163 4000 6528 9492 1491 6784 4736 6523 6838 1198 4362 9446 2782 8448 5450 1142 3914 3410 1331 6850 3183 9391 1718 509 5260 4167 493 6421 122 5309 7231 3457 3562 7170 8281 3144 9230 1691 3475 387 3060 6978 6494 3373 5908 9366 5271 4774 4232 1162 520 1556 2254
1477 3691 4196 9326 7001 9252 5653 6557 2116 1035 7468 3547 6833 7608 3406 6397 943 6131 2383 3156 6082 5219 507 7565 4250 1826 4901 1183 4499 869 3807 9629 6001 3784 4673 4180 9986 990 6275 722 4519 3574 224 5411 6286 5236 9230 7940 2250 8518 3136 8670 8667 2187 9750 4427 1496 9658 1811 208 7890 7244 7354 8999 6185 2184 6005 7445 2251 544 8985 7194 5075 8839 2720 9316 4328 5932 1178 658 6250 741 3906 2017 5721 8519 8441 201 4607 6497 7833 6206 7102 9981 6393 6787 8022 4017 4615 8089
3834 3077 1862 9178 8675 7965 4737 2974 4439 8056 5158 6358 8438 9527 3929 6068 4600 6303 2095 4487 1501 7863 945 5989 3274 5593 2644 3660 1660 517 7656 8128 8199 6459 8873 9724 2016 2079 5066 7554 9071 6024 6514 1008 5180 8217 1941 5724 8514 491 5747 2525 6575 856 2598 64 4543 9877 6245 8236 7913 16 9560 2202 9461 3120 9623 635 5527 225 688 9450 7942 6697 4520 5453 6948 3545 7312 6029 6888 2905 5380 6245 7188 7940 9500 897 6368 4209 4556 4669 669 9638 4915 3531 242 4442 8969 4403
7431 5817 3198 5343 3458 6328 2369 3281 9483 9164 3587 8095 1706 4918 8383 7651 5216 6802 1695 2829 9150 2675 2730 4720 3543 2642 3317 8136 7559 3538 9955 3078 3733 6895 41 4250 5005 4309 1194 4152 9640 3147 1247 8817 8829 2564 4416 6273 4373 3834 306 544 4326 9479 3709 4645 4927 4123 3675 1035 8673 7534 9662 2410 7158 1303 5109 8550 9841 5257 9227 4449 5061 9610 5246 8716 4654 3690 7718 9692 2797 4464 6804 4801 7700 7088 5769 4326 2601 3076 8207 7238 6463 5823 8937 391 5654 11 2457 1391
7731 7368 530 861 225 8731 7137 5914 5763 6931 467 4519 7438 566 371 413 4583 5650 6042 5891 7142 6909 820 3882 5180 1554 322 4559 5955 1992 182 5723 988 6300 1879 5859 8048 1268 7168 9288 3308 9071 7591 6372 2011 3978 3758 9949 5938 175 5001 123 8813 1254 9448 4577 8993 4400 4046 8070 1834 6352 4958 6448 1990 3349 952 1047 3073 542 6728 7683 1026 3094 3492 4164 226 2742 2613 7307 5681 7980 1374 6613 1634 3388 7512 596 8778 7244 9679 2744 6192 4945 224 649 748 5854 7564 7133
6550 1069 9785 3204 4234 6946 5306 7272 3951 1996 1620 7924 7940 2229 8463 8787 8456 8560 5694 9546 4935 2135 101 2377 6653 9308 9416 6553 1575 1550 9726 7505 1664 3487 6229 4324 8557 3279 8526 1666 2832 7197 5653 4196 3407 6557 1473 4117 8145 4679 6398 8937 4856 8562 9452 1507 9804 5155 6542 713 411 205 1233 1582 9082 9140 6773 8773 7890 2607 8932 1098 5095 1167 6558 5241 9273 4783 6452 2393 6059 4666 3071 1735 6102 7577 2324 5140 3220 1494 2906 7735 5012 5996 5857 631 9107 7193 1882 2552
6680 665 9408 2309 79 7129 660 5203 6335 6563 3897 5255 9266 645 5941 9471 7433 2800 5098 9030 7764 1816 6071 8710 6628 7096 1555 8017 4089 9961 3269 6518 1243 8621 3526 4302 4853 7578 7862 3671 2174 4669 9102 5431 5362 7994 1916 3685 9264 1485 9610 554 10 6036 3108 9158 311 7707 1478 4153 2899 2636 202 9846 2930 4736 2217 9178 7683 5221 202 8105 568 1357 7733 5640 5802 8598 9443 879 9336 2883 9172 1176 8749 3331 7819 1503 2377 574 6625 8712 4185 7075 8810 186 2521 8969 6509 9107
673 9179 7148 5749 6450 1789 1402 2142 1597 875 2100 7924 8105 2377 4795 3089 5620 6745 7547 8334 1040 8968 6452 2669 31 8548 3191 5700 5028 7801 4063 6400 1937 4792 2096 9953 8251 1379 1347 8902 1679 8521 200 9989 1989 3759 1421 5130 6125 6909 4143 801 5915 3342 166 2671 2430 6925 4849 7502 1325 8524 6250 8819 521 2343 6760 2431 5756 9314 3753 7461 4429 661 8188 6111 6885 113 115 770 1491 3885 255 1003 2437 207 817 4545 3616 7624 1212 6765 6517 2522 1370 404 3855 3580 8419 1489
4503 3878 8967 1077 7705 73 4887 2052 3762 4386 9518 8644 4861 7785 5250 8133 8029 55 6310 4187 6564 6380 744 3726 6377 9491 4732 753 9716 8330 4443 9169 5276 2459 8540 9746 1441 5916 7272 5227 5234 1908 3189 7552 2730 6326 5810 1876 9244 6122 9875 6595 1187 4950 3564 8009 8756 5896 3850 831 5211 4175 5606 7625 6974 112 4731 9249 1054 7525 1370 7164 6478 8936 3960 5985 3301 4439 6724 6891 8043 8379 2805 7371 8696 6911 7060 4144 9533 3220 1913 1138 2271 1891 5498 1449 5690 8528 9472 2232
8512 7771 3716 7132 4597 2780 6935 8333 5115 9680 2595 4837 4120 5823 9583 7072 8078 4656 1948 5127 9046 4722 4852 214 4298 6205 4121 4050 4976 475 5745 1991 2286 9361 4733 2971 4051 5522 4888 5998 5747 8428 6008 9349 7246 5017 5634 2659 5273 2454 9930 6407 4662 5066 1617 1718 5207 5150 7640 3964 6320 3864 307 4145 4566 904 6720 2063 7599 9645 6164 8769 6672 219 5117 9294 8199 843 1299 7503 1468 4301 54 3801 92 4899 857 4393 7510 7090 7366 3711 9197 514 8060 726 1121 4449 9601 8044
3895 8670 5269 3964 9497 2115 4400 4166 2047 3557 508 3794 9975 3466 1 5944 7446 381 7328 8526 9220 7290 3640 6784 354 7759 4194 7755 732 7472 1974 8443 4813 9577 6782 408 1805 6184 5384 1277 6049 2037 5617 6734 7476 9742 2198 2227 7861 6764 2765 3393 1180 5807 3052 4382 5493 3184 9464 8181 7603 3909 3648 8596 8417 3382 7257 3377 1687 756 1922 1205 8095 2018 1760 328 5340 8429 5508 7151 2951 4709 6176 9088 9535 4312 7622 5813 1999 9465 7213 1724 1454 9194 5730 8684 8805 8513 9322 8718
6345 4905 2038 2439 5330 7853 9790 3168 927 1826 5805 5122 3311 6648 112 6833 3564 6828 8032 2691 8637 4360 6614 8449 3195 6330 1173 8648 4420 8490 1493 462 759 6441 4380 4188 3558 1729 940 466 2962 4867 1270 1141 7561 5319 6391 8981 8469 8145 1126 3019 764 5052 4005 6533 3298 6356 1686 8352 6222 2697 7201 403 6293 7723 6845 747 740 5042 5298 567 7242 1919 7869 4771 3861 4866 6198 7267 8951 6454 4430 1779 1689 7310 5802 6750 5504 2743 2080 4198 7199 9265 152 2435 52 8840 3649 2487
3351 2706 2888 3853 9278 9189 2538 4118 9502 1405 6380 4379 2178 4648 6859 1819 1975 7461 5817 1007 2362 6294 8138 4422 1716 9976 2456 1845 3608 2583 4603 6310 5619 8841 8121 9185 5031 1291 3759 8318 2345 2328 1795 9678 3565 2397 7935 5261 7750 146 589 2543 5789 1480 2846 9643 4380 1307 9183 1319 9968 4822 2013 4636 2023 7787 386 4133 8133 7353 2555 2436 2388 7024 3154 6413 2646 3086 5669 5755 3461 7148 8809 2150 3184 7320 1273 4889 647 2320 1362 1003 3994 4595 9193 2602 1462 3191 7492 3190
7992 9142 6950 5770 2789 5462 702 6229 5926 9887 185 8583 9456 9499 3690 6417 1450 3380 5230 51 1646 5539 7651 6290 5757 7039 7207 6986 4679 7146 499 5445 4830 7525 5178 2586 2670 582 6343 6564 4420 8868 4329 339 3449 7017 3426 6005 7029 6108 1042 3233 1417 5174 178 1367 7987 4674 1668 6713 1036 2761 4362 4504 5823 5553 5352 1562 5804 9422 2248 2920 6137 3713 7893 1208 7238 2528 5404 9778 5245 6707 7984 5525 1427 136 2092 5089 7461 1412 8847 215 9783 6129 1796 1596 156 6621 6844 6165
6418 4297 1632 7622 491 4302 5640 5154 8223 6028 6935 3735 2658 4109 6795 8290 8146 9495 3884 606 2773 5727 7110 3456 8745 3793 1032 7346 8802 8411 1232 2282 2169 7356 4595 9859 972 4963 182 97 9751 7003 5344 3284 951 4741 6931 8039 8304 5518 6049 5829 2897 2222 1797 6866 5740 2571 4380 2696 6844 6280 9259 513 6509 3334 7701 1178 7673 8955 8843 2438 8402 5113 3665 2098 9111 4059 4026 2234 2733 6089 7519 2097 7359 6480 2713 7311 9684 1778 1215 5735 9749 6183 7038 3836 982 2677 3927 2231
2956 3968 60 3354 2626 9859 1821 2911 5049 9608 3766 4339 9014 5080 1216 5675 7822 3830 2657 6947 4638 5215 8817 3845 9434 6544 2791 965 3812 3949 7449 2228 2059 9318 6528 7761 8059 6709 7668 5688 1257 3573 1058 6116 742 6766 1895 6030 8538 6958 3571 7022 8125 2830 8188 2502 3642 5950 1104 483 1417 4790 3610 1320 6180 881 1761 7860 843 5079 7075 3681 4047 9327 5897 4531 1721 4941 8283 3909 9692 6126 3823 7281 6659 5767 7995 7534 5932 7053 360 5925 9427 7568 9205 3565 7931 9446 8941 1585
2779 8581 1984 5847 961 3506 1522 7177 5688 972 2265 5734 6276 779 6008 5049 1015 5221 6825 9874 8951 8034 3121 9997 7169 2702 1792 8772 9170 556 1433 7858 4901 3155 8751 6446 2981 5857 1056 5125 8946 2390 195 4848 6589 2721 1713 4140 5764 2318 93 8302 9254 4299 3199 8837 8228 7331 4164 1974 5039 2760 8089 507 2095 5937 9431 4363 8666 1329 2484 2237 2251 4873 2819 9930 1466 3835 5630 3832 4785 8087 4626 7194 7268 8736 6160 1081 1697 6639 676 2194 3487 8476 3942 32 1940 7120 8906 3513
2993 1396 8656 2451 845 1209 424 48 3915 2242 8530 5081 8397 8053 4021 5945 6751 9921 4325 6541 7294 6631 9202 2791 9309 3339 5092 5570 880 2166 2119 2666 9544 5335 1279 1837 1328 4527 3911 6704 2205 3400 2816 5314 4688 5045 2334 1899 2507 4361 4963 4199 1817 1087 5657 2201 1068 2665 2699 3768 7584 9470 429 446 8641 45 1729 8245 2647 2612 8370 8367 1396 87 5118 2052 6896 6484 8041 5166 6639 1440 2320 7079 7454 454 6346 4770 1746 5722 7472 7493 9712 938 2261 9422 5716 1310 2816 7761
2955 8278 9873 5209 8237 8511 3561 2056 2394 6293 7300 2159 3362 9368 8615 5244 8368 7014 9659 16 2107 8206 8037 5994 8522 357 1237 1184 5315 8421 3077 3727 6301 1031 7201 3608 6124 1066 5020 3012 9785 2392 6957 7333 9094 3990 5757 2556 4262 2110 5436 5846 1136 7481 538 5573 4609 2034 5543 305 4235 4183 870 9846 8688 3080 1238 2245 8375 3907 5159 2743 9592 904 5239 5648 9453 8948 4024 7330 3621 5919 3877 5603 3565 427 5559 3808 6690 8539 7252 7306 4059 6797 4491 3073 5198 2642 1534 7490
5762 3954 9543 4207 910 7047 7667 1212 3432 1650 2332 5238 9799 4065 9014 6543 9993 9876 391 886 6324 1442 3507 8798 242 5076 804 6463 2134 4308 3264 7130 4140 4208 8801 7274 3306 320 1056 7085 7453 8105 6402 3477 1830 4887 4453 6130 2643 2371 5695 4226 76 6075 9381 593 356 9383 4510 2740 756 6571 2100 7734 8931 3202 350 9077 4201 5699 2988 8049 4195 1661 6977 6838 2813 9096 427 9450 202 9055 7304 5263 6380 2328 6379 559 9591 1380 1323 206 3786 49 3054 4575 4444 6635 7194 1700
4724 5037 5925 1596 1776 6100 3001 9507 7360 9636 6183 3434 4024 2189 857 2923 5053 137 1434 8618 7780 6741 585 8063 4887 4920 419 6221 5044 6698 6961 9307 2648 5148 3237 8320 3300 6204 3153 5023 4592 2729 6179 2385 7641 9669 8027 5888 7 561 3426 1960 3386 7700 2685 113 8014 9704 191 4046 7287 9619 1297 2264 9014 5247 2453 4617 669 4375 2150 4385 110 747 5145 68 6096 9423 1799 3050 5449 4436 3586 1866 1982 3519 2086 3698 8146 4073 4714 2525 5651 8469 4108 7307 6093 6648 9241 5732
2140 5928 4652 5744 832 2485 2351 5038 632 3081 8888 9696 2632 181 482 8766 4614 7953 6808 6323 1104 2527 2000 2117 3785 6627 7908 4704 1769 6083 9108 3939 8006 9419 1394 2435 3157 5319 1942 8343 5836 5097 4252 1783 4014 5951 4661 2767 9673 919 1297 4399 2977 3472 430 7340 8578 4679 3927 9184 9522 9394 5331 3275 7810 7100 5582 2210 405 9794 2346 421 6219 3405 3085 378 5169 6246 3452 9259 6904 7522 2179 2246 7548 4472 161 4039 3586 5868 8937 5255 2258 7816 6089 3374 1847 4986 1654 7682
7370 8653 991 8862 8593 4085 1193 872 8511 9361 268 8542 2704 3096 7409 2896 6299 9414 6617 9837 1092 2196 2380 5255 713 631 2302 5156 671 1586 6282 8837 628 5406 5703 5084 7938 3177 9817 446 1710 2325 6822 5792 1776 6893 1404 7680 3452 9092 917 5862 4168 5373 6549 1926 1686 5059 235 8309 8216 4258 6822 2671 4586 8273 9296 674 301 1063 2441 9708 2676 1149 7031 2187 4182 1620 8406 7466 6126 2505 5687 6813 4847 6481 6499 4889 9228 8386 6502 2766 2024 4344 9017 3202 9950 5278 8881 4791
1900 1187 9878 8072 9635 5345 3008 1848 8625 8756 6499 329 4955 1681 6770 1462 4223 1836 223 6207 4390 5340 7429 8272 5689 3609 3361 6289 453 7086 6923 375 8040 3849 9136 6975 3534 7729 8016 9200 7969 7981 7231 5259 3248 8142 8329 2326 7713 3152 9035 471 274 2391 936 5597 1132 7407 5218 1012 5151 4211 1897 6794 8679 9726 7889 3065 8882 1539 8192 2455 1949 9241 5997 7960 5970 3782 2314 9621 7259 8139 2440 5273 5915 5750 1939 7070 747 9966 875 3357 2012 5606 8294 8590 4735 2144 8770 8335
1000 572 9252 9715 2733 1495 4444 1135 94 2225 1247 3938 944 8942 2524 1543 9421 5810 8541 7618 2412 1844 2012 1047 9531 1332 9658 530 8845 3937 4483 5150 3759 2899 3670 9807 4782 3483 5843 8514 1309 7939 5371 7987 7737 6298 2812 5110 9009 4524 4973 6546 6727 6221 2399 5009 466 1293 1654 5844 4028 6086 6545 4551 9304 213 5012 763 7801 3023 6619 126 5192 8718 4978 1212 2634 650 4028 5952 2498 6321 3715 7686 9113 8214 1099 4677 8919 7991 3260 5657 9569 9569 6907 2410 3014 8435 1846 9920
1689 9090 878 343 9080 7377 4619 9238 5494 5262 2490 8019 4776 9570 9568 4643 94 6332 8906 7503 3001 2855 8246 674 6593 7832 8341 3256 4781 2728 2983 332 1621 7488 5781 9291 2101 5518 6841 6000 5515 194 7080 3140 2678 3711 910 6934 4537 327 3542 9183 1201 7075 1889 8257 4179 5986 7168 9107 1200 6094 3305 4114 6121 7432 1317 2766 8982 1621 6434 591 6979 4526 1675 7833 3080 9906 2154 9170 2696 8741 7413 7920 8402 2971 7567 974 2851 8324 735 5677 7214 3988 7841 4837 629 9475 2795 2432
4025 9817 2066 3931 3025 3066 9988 4983 4395 5313 1507 3981 9331 8708 2869 355 7628 8963 8552 7900 9366 6959 19 3411 3036 5054 2182 8573 3993 3358 39 377 9492 769 4796 1744 1878 5025 7791 8400 4023 9886 7794 9385 7578 6838 9543 7319 8808 6804 92 5033 8277 6163 802 6892 495 9384 3351 2802 8977 1960 8781 9861 3846 7173 4167 5932 54 7430 8720 6575 7690 7365 698 8099 7788 5601 1359 4606 6067 6130 962 6290 346 1077 5301 3588 197 3778 1109 5886 4207 2345 5989 6914 3659 3445 3094 5932
2492 425 7351 1679 3356 3055 7168 3683 399 4713 417 378 6841 3964 1256 352 2779 9988 8660 595 5016 8932 98 4552 7518 7761 544 1709 368 4174 4510 7868 4369 8713 27 5596 3083 6158 7523 6973 8593 3559 7284 8318 254 2495 6097 361 7640 8010 3786 1673 4889 5176 7169 9500 8713 8863 3485 2 4387 6004 4431 8445 3312 3101 1401 1840 2523 2684 7308 406 2038 4787 4131 9643 2224 4423 4974 1614 9477 7501 4805 3451 4576 6192 9947 8308 9566 7705 4995 7781 3790 5854 523 3410 9430 389 7965 1257
7611 7223 7232 620 9694 7607 1438 7113 6392 8637 4480 9018 4346 211 9999 4952 1908 7030 2103 515 1752 1746 1226 4908 5723 1171 3598 2034 7804 4320 6862 5229 9949 2662 1128 6338 4839 2507 7944 1456 8821 5657 2398 5086 3099 6342 163 4724 7326 2862 9087 8706 4091 483 8042 4001 7856 2747 9988 7765 5981 600 253 5432 3515 5026 2461 1625 2736 9273 9087 4835 9554 8546 8513 9545 9126 7752 2716 8921 2670 5717 9454 4338 245 8494 4200 3033 9493 168 7135 2324 828 9901 9983 1879 1704 3978 2654 6019
7857 9329 5108 6264 6009 2166 6168 1661 6785 2547 9145 1066 3336 1033 5433 2474 840 3425 1175 9957 8810 5708 6494 1754 2957 9376 2797 5327 4414 1383 9861 3135 2594 3837 7157 7548 49 4353 1314 3917 1465 7319 2462 2923 4709 2547 5539 8529 5388 7718 953 573 624 9946 3227 217 312 4903 9030 6029 709 6765 2493 3357 4441 5961 1041 9474 2127 4639 7453 8476 52 4516 9063 7548 3317 1494 7803 6028 6248 8128 1408 6076 7110 4492 8284 1378 6572 3006 1838 5545 4930 4655 3877 6627 4477 6618 6970 6941
2764 8829 2396 5547 1868 7649 5498 8753 9747 6369 7711 7852 7869 5488 496 5801 4656 8499 5843 723 3535 455 4766 8067 1229 6502 9878 3992 2714 8614 3749 2431 7896 6047 4694 4747 6999 6223 218 742 9675 7647 8090 6945 8238 5223 6657 4478 4639 15 2412 5744 8807 171 5742 3392 5241 7223 6328 429 4034 6748 669 6528 6048 865 1118 1170 139 2716 5537 8707 7318 9203 4492 9569 9253 1848 2003 6281 813 2603 9682 8916 6732 2173 6853 8071 5785 7316 6314 4620 3074 6307 7199 2444 3106 8704 3236 2815
3963 4027 3018 9022 8477 4127 7150 3429 4948 1360 8864 1888 3448 4876 567 2389 2441 9420 1099 202 1181 5698 2900 6651 3272 1814 4420 4929 8096 4876 5933 56 9840 3532 662 699 797 2032 9068 7145 988 8668 3660 6358 9962 7856 604 3295 1404 8767 3369 1823 5109 660 6221 444 906 964 2760 3458 9583 1193 147 6192 8400 9695 8716 3060 5529 8100 1988 8652 9005 6103 6267 5586 4693 887 6648 4169 2946 2876 37 7442 6064 2102 5767 9329 5537 5774 1039 5808 6231 5399 9264 4593 6424 5910 2570 1228
4164 6213 3183 9713 5449 9061 8314 8861 1749 4592 4731 4277 5229 3819 6073 9127 4952 2350 8029 9708 8956 8308 8148 1332 7567 9391 331 6812 8493 3093 1677 1606 4153 3448 7486 7691 7185 8200 1640 4575 4016 5583 9082 9481 8728 2546 3603 7088 5838 1108 3981 7453 7528 6532 1543 3472 863 8321 6002 7493 9779 1721 5063 9271 4298 6928 847 1957 9445 8925 5731 9775 3230 5030 5287 2475 7402 9788 907 511 7837 1805 1212 8112 197 3477 2279 7402 4285 6389 49 4121 553 7502 6264 7285 6600 5877 9999 7917
8925 1994 353 38 8221 7624 3006 7590 4132 8204 3966 9768 4046 1097 4886 492 4591 4535 5625 5954 5630 5454 5276 3595 7483 8580 8740 5565 8091 8322 4498 8478 6181 3751 343 7992 9675 336 3964 9215 3981 2187 5900 7436 4030 5225 6857 6475 3488 9726 2255 1042 4087 1096 1565 2113 1839 84 7937 1975 4454 9902 1474 7270 1749 9210 1361 9903 3588 8628 8121 2747 9570 7338 183 8801 5965 9174 5961 8369 8311 8891 6193 4544 3274 9003 3516 6788 7965 4770 3320 8026 6617 3971 9172 3087 9411 1819 2186 9762
9888 8105 9357 7842 663 7368 8230 3127 3169 9962 1154 7817 7196 1323 1718 6633 3615 1062 6899 1490 3595 4366 8595 6551 7371 5564 9176 9965 1518 7957 3466 6360 5275 6758 1804 5952 6960 3807 8502 9547 5654 8270 2678 343 1376 569 3932 1787 9564 5236 3271 1291 2574 500 7126 1680 1785 2444 5822 2930 4545 7361 5743 1410 2178 8860 9544 922 6246 7890 9969 458 3290 7744 5208 3760 1878 3922 8456 9731 4647 7523 3264 725 9504 1359 3731 6781 8399 8915 950 6089 7184 6983 252 8648 5319 4176 9691 6436
9655 2815 5366 6632 124 3907 4505 7867 2984 1586 4792 5941 9718 1868 4269 2437 6022 7275 5071 301 8747 7866 2586 6516 1554 3849 9289 6413 105 9438 9261 5987 2625 3086 356 1249 6357 7718 4492 2825 9969 7336 8718 7543 450 7894 2319 7051 3442 550 6705 2098 7723 581 6699 7165 3202 3821 2438 2796 306 8084 2201 3472 5454 6244 7395 4092 4534 4077 6325 8744 1789 3128 7292 7028 9970 4468 6310 640 2376 3823 8128 4182 4999 6825 640 4708 4183 7986 852 881 5682 3204 807 6356 5619 7458 3988 4493
823 1988 1829 9160 7505 7435 6335 4152 7536 6422 107 4425 3841 3208 7476 1672 5074 670 3566 3702 1833 9269 9730 2710 251 2810 5530 995 3998 6392 9714 1514 1268 787 7359 6495 7429 2066 3346 392 334 4178 7028 4129 1525 3257 9617 6569 1702 9649 4838 8319 2158 5869 6926 9084 2934 7118 3076 3547 3343 8501 3350 5800 3775 1862 8822 6500 3787 9172 5849 2720 7988 143 1463 9416 4980 6647 7877 3101 8360 8263 5531 1619 818 4573 5890 9637 7805 6504 2053 8561 6758 2506 3010 2118 913 650 4834 4700
8900 3708 8562 4303 100 4683 192 452 8351 3554 860 6808 3624 1595 9352 8959 2409 1704 2964 3518 6549 2749 9008 234 5561 5541 9422 8288 2779 9968 2974 9373 4577 5665 4631 208 3497 3444 2919 1157 2664 9051 4460 5925 1656 9683 7776 5087 7257 8964 839 4318 5109 9196 9706 2488 278 9013 7159 1420 4481 9324 8618 8634 493 1557 2864 5818 1519 1913 7348 9437 6032 5040 3841 2664 5749 8140 26 3133 9165 5751 9861 4027 8558 8630 2898 5843 5586 5025 1575 70 6223 4522 4596 5594 1938 1544 6565 8365
4784 7166 639 9726 4661 5333 8299 5288 2783 7925 6557 1246 395 23 3988 2967 1699 8491 1236 5291 3871 5902 3096 6501 1250 6385 6956 6355 5653 2375 7048 5019 2272 9115 6993 5378 167 6148 5792 4953 2523 9286 6578 2499 9408 9073 24 8418 2234 545 52 6971 2544 4745 3260 9841 4357 1035 2011 5968 2122 4596 67 4587 9557 6489 4338 8381 1770 6090 6090 309 6234 8696 7909 7669 768 2472 3387 6487 4360 17 8787 5388 63 262 4378 9938 255 9521 2516 8391 9943 4930 7327 429 3736 3197 4510 9683
816 5655 2147 206 3124 5302 2349 8109 7587 2353 3777 1303 2133 1391 5765 4808 8970 7300 1331 5214 8269 8066 1616 6870 1148 6687 5991 2418 9956 9752 5525 4615 5410 7840 7608 5903 6956 7603 9285 7528 9106 2895 4982 2081 8993 7903 6933 1472 1281 3392 3677 3793 7374 6849 6431 1060 8832 824 9150 2115 175 4470 3282 906 2003 1989 4514 4273 6744 6209 1842 1884 225 9614 7210 1120 3632 6925 4745 3789 665 8922 6644 3167 3214 7279 4132 3116 3048 8296 1311 5531 4342 8897 8737 499 8905 3701 5830 487
3460 4903 322 5576 7271 1974 6314 6776 3567 8807 5703 8309 4423 2420 5995 5568 8030 4588 6703 7502 853 286 5251 4935 1708 1005 8063 9892 8197 2837 111 1517 3322 2174 7157 743 9036 5745 5838 9746 9382 4670 2483 3682 8446 6777 3950 6058 3969 8917 2529 3463 531 8742 4949 3966 853 5501 4829 9523 2230 5347 5423 2465 3176 1915 1813 8517 8827 8095 7680 841 256 2093 2565 875 6415 5799 307 6692 2318 8160 8330 4169 3551 5370 363 1560 8633 1364 2925 2434 2551 7392 7935 3519 917 6892 6188 1151
1648 3343 6016 8928 8933 7413 7299 9526 2110 5506 927 8610 422 2111 787 837 2861 5367 8557 3468 1654 5740 2702 4669 7541 3746 8818 8477 407 2718 9347 6601 2710 250 8969 1788 6416 9199 858 3923 4464 1221 8838 9253 1099 7521 7405 7871 9172 799 4002 6505 5604 9830 2911 989 3033 2517 6788 100 321 6698 5342 5516 4854 3903 3796 1128 4208 5564 4915 2249 4659 9075 1776 5098 3619 8860 838 5569 3471 4074 966 2496 3357 136 8568 4407 7142 8562 2474 2355 396 3321 4745 8280 561 1996 7313 246
7733 2609 739 6123 5262 5678 3852 5905 3977 2420 6917 265 3832 9920 8865 2904 8987 1808 8050 7178 5316 2069 6667 375 1601 3491 2120 6204 6938 7363 5257 151 9091 2909 5125 7605 5981 2292 7564 1427 5941 6524 6032 5298 9758 2038 279 4149 3097 1343 1011 5776 8933 8210 4274 6186 6468 4171 7306 8210 4828 1513 3142 494 7089 1698 2048 4900 5501 2459 8739 686 6255 9938 2658 2599 9425 9908 8602 3221 802 7123 9647 1766 2288 6051 3999 8500 6578 3608 2690 7285 1725 1838 8321 7525 6173 8887 716 844
1918 1545 3474 8980 1091 5156 9508 7398 4880 715 9516 9764 3691 7894 8991 3313 3531 7721 2259 4353 5231 6454 116 9350 6968 8105 9225 8562 1082 8719 7257 4398 3017 335 960 2560 7036 3364 5308 5660 4290 789 4192 2845 8093 8460 5856 9250 9493 5525 8180 6193 2580 9824 8077 4906 5947 217 6532 4474 3123 8765 5454 5367 4194 4053 3401 4592 2774 7119 9220 2377 5699 4329 6632 3842 684 7666 156 8708 1937 985 7510 9007 6404 1675 2948 3584 7173 8330 9564 2260 2360 8836 2142 4883 9193 2084 1476 6035
229 9257 2311 4711 6156 6213 1711 2106 6528 7620 3261 6919 5235 9768 4424 9394 3818 776 672 471 1110 1682 8770 9245 5587 8826 3788 1487 1504 9223 4902 9852 1738 6921 7366 5057 6012 7378 3958 4526 8300 7366 6559 5981 8094 397 8095 7905 6543 8251 8545 3293 8086 3903 5985 5574 5619 2850 1221 4653 9586 5275 2539 823 5223 306 1625 8932 4501 8024 4238 3817 4063 9848 3559 1904 2803 1670 6438 7857 5976 2958 709 652 6285 2700 2430 6455 9294 9675 209 9338 6278 4403 978 5844 9194 5499 1656 9670
8012 1671 8510 8612 8331 5564 4607 1395 1183 8499 64 6968 7957 2453 1583 4615 8727 2063 4648 8741 5384 6403 9938 382 3428 8984 5642 5816 1728 8324 6752 2039 7964 2510 5201 7437 4850 2252 4402 2348 6680 5753 4428 8789 9625 9698 4707 34 3027 1129 4081 3703 1152 2932 4178 2284 6888 8761 8865 5999 1199 4951 7224 3134 8943 5293 4868 6176 9650 8051 2575 3032 4302 5692 7529 922 9956 3706 6163 69 8084 5994 4194 7240 3676 4298 8764 1906 5376 6367 2691 4292 7111 9272 2403 6685 4009 9183 9444 5209
919 3460 6084 1129 6539 7927 3219 8064 1754 1256 8600 3311 8838 6785 522 5059 6315 1872 6724 3144 1060 1701 6952 2855 5247 8739 7344 2293 6650 3745 5194 8662 2416 9641 926 5590 3802 6410 80 3666 2226 5946 762 3124 9940 6437 4691 9256 5516 6182 5118 2939 4139 7375 4295 7559 7444 7160 2719 7991 9418 4158 2603 1264 6378 9966 4523 8753 9422 5301 472 3512 6441 1690 459 494 3357 3188 7125 3582 667 6198 4791 4983 5432 2824 4911 8984 3194 9642 6582 6574 1977 2821 709 9971 4170 6598 9408 9821
2643 6344 7644 7820 3202 2225 5919 8190 9317 992 3097 1279 3332 7732 4255 5425 933 9196 4425 7905 2267 6672 2644 2938 3493 9211 791 2092 1016 3427 104 1493 4302 2629 3401 433 3809 6609 3152 7454 7579 9799 8602 2825 6905 651 2847 7325 8425 4050 66 7006 4679 7164 2141 2373 679 3218 3584 9451 6007 3010 442 9148 8172 6285 2487 2645 9737 1589 9042 6541 1406 1204 1888 6375 4626 1112 1550 6083 4515 9047 4367 7111 3153 4048 2576 7195 4898 3461 2697 1021 925 1086 1765 5431 8742 9641 7176 4706
1366 7424 1553 4977 3406 5371 8806 4573 747 3547 2744 7115 1952 6145 7792 978 2507 9434 8756 6145 5443 1552 8681 359 904 2635 6137 3146 913 7717 6053 3017 8263 7832 9405 996 4068 6635 4702 1087 3658 5598 7458 2465 2682 128 5289 7962 4267 8818 6234 9755 7735 2481 2253 9058 9953 1300 5669 8224 5539 6273 6816 4183 4929 5320 9815 7439 4675 9071 5131 8204 3284 9555 1109 3274 1418 7536 6715 8496 9649 7718 6296 6874 6811 9464 9708 4508 1132 2417 8858 7357 410 2131 1529 6705 9565 1705 8385 8842
8556 2317 5318 1602 1494 1229 366 8969 7748 2999 3854 9913 1545 6299 4255 5087 6034 2420 1805 576 4786 1837 6956 6199 5308 3427 1489 5111 812 1704 6434 7809 9049 4367 1213 3031 2245 9453 8856 7824 872 5056 1938 539 7005 8714 3441 2823 5137 5210 832 6433 3670 5501 4648 2989 7878 5409 6052 3820 6357 599 4230 7302 6029 9479 3176 2478 8928 5254 7716 1595 604 3799 2832 4580 2423 2166 3351 9209 7769 9635 5657 3031 175 9369 7385 3383 2954 8831 1057 3431 3005 5725 8397 9728 8543 371 1636 1384
9535 9283 8751 4155 1152 4752 4617 9823 4236 125 248 4015 8835 9892 2500 7600 4118 44 3987 582 6654 1244 4069 2951 9412 2592 6246 7581 3172 8469 8484 4303 1949 4076 8071 6569 9300 1753 6326 74 6629 4041 332 9113 556 5667 615 7764 967 8146 7295 9048 1913 7018 3206 3500 7383 5087 4273 6205 216 3590 2382 4336 7818 6719 8620 1071 3144 8095 7944 5678 7404 7216 173 6999 7908 2463 541 4866 6332 31 1 8640 6947 9300 9584 4770 8972 9141 8176 7585 944 2651 8346 716 733 2681 5087 7084
2043 995 7329 5713 9725 49 3114 6775 7776 3189 8322 431 6882 2910 5275 4964 9260 8318 6576 667 1913 7524 530 2089 5470 2268 4170 5202 8278 4956 817 2016 9498 3553 6331 4796 9432 4124 9338 7027 2289 1932 8358 7089 5313 1617 5891 2653 9820 8394 4722 5445 4417 5541 1000 3952 3793 3754 7509 1159 1811 6780 3702 9185 8919 7668 2087 9639 5270 2441 5130 1707 1883 7228 7865 3720 626 1722 7577 8680 1866 8357 5949 9502 4547 7435 1789 413 5984 8341 8688 5199 2542 6242 8199 2849 7603 525 6391 33
4512 8242 5842 6904 6221 1794 5729 4017 1707 2439 7313 7117 5190 4743 9602 9401 752 484 5086 1121 5815 6605 2621 5788 4529 7727 6917 1386 6638 1398 4939 2112 6456 1054 9926 9590 3260 1168 343 1978 99 1562 8504 6807 9445 5731 7750 8215 4479 2202 6700 1124 6177 8729 7261 3444 5484 3914 9474 6327 82 1079 7184 8370 3306 343 7188 2089 5888 774 2231 7427 7480 4301 9481 396 6924 9184 8074 3835 8872 8203 4127 6856 5476 9776 4671 2793 1184 8288 7526 2667 317 3207 6905 7472 3375 6461 1394 8378
430 8612 1384 3362 6704 522 8573 2115 2001 6849 4461 7783 2046 8147 6206 8145 516 4095 7133 1918 7268 9758 5170 3129 6634 6230 7802 7336 205 3416 8591 6427 8033 5729 3007 8386 8965 9766 1246 178 2205 616 1818 9222 9361 8328 1923 595 9468 6388 9467 6496 4561 153 772 1077 6321 5140 1081 1649 312 7297 8919 8069 3961 2733 3698 3747 197 2344 6668 8852 7082 5902 122 9837 6075 4921 3401 67 2703 5242 5547 6747 5674 3444 4001 395 2111 9329 2034 9777 4549 5698 5680 7164 6183 1295 2739 1523
9752 2896 7349 3640 2865 3624 2736 458 532 4444 9328 2026 1873 1361 2465 1410 4936 6398 5053 2680 3506 8141 9417 6199 6822 9810 9729 530 8196 8296 8434 2491 2343 3117 1753 6677 1471 658 4895 9381 7458 1070 7670 1689 7797 1232 1274 6054 5535 6529 3450 9342 4711 8023 7358 7618 1120 5424 2428 5615 1504 9192 9044 2333 5089 2730 1356 8313 9754 580 3654 1260 6370 4070 1557 4658 1817 5751 7118 8828 1403 886 6986 9185 3894 9013 3553 3579 1311 8616 1160 271 162 3490 1242 365 4021 4696 36 8315
6600 3866 231 650 5567 318 2311 7042 955 7203 431 5858 3410 756 6042 7604 110 7826 8945 9793 8853 8130 6168 7338 3588 2850 8722 6740 8199 8057 4093 1352 8561 8776 1469 154 8995 5770 3509 9684 4290 3747 3678 8755 2176 8629 7380 7124 86 8582 2623 8151 6377 3948 8493 5371 5037 762 8884 8219 2508 8734 7154 613 9069 3847 9903 7267 981 1983 3130 5047 8960 6481 5409 992 6301 878 8258 3832 8313 2453 1060 5329 345 6071 1407 6403 1992 682 227 8760 2454 2106 4659 3673 3832 81 1368 8027
5322 1917 3275 1182 6812 7604 9706 637 837 2471 1075 3361 2750 1346 1648 108 6414 8058 6191 9936 7663 5867 2506 273 739 9612 9483 8193 6039 1269 5851 1258 9415 2629 961 9519 2957 4489 9171 7161 8433 7365 251 7987 1221 9405 6191 4475 9943 226 7329 7254 1341 1 2154 2315 1280 3484 8865 5426 9721 7821 1445 3328 2753 9978 2648 9916 239 585 6947 5718 4063 5976 9234 5578 8520 103 8428 4 5678 3359 8463 6065 9647 3810 952 823 839 5581 5641 5192 2672 3380 5073 8563 6264 3006 3061 8445
6111 9160 7280 5267 3520 2638 8661 5296 1785 7175 2128 3039 5725 8106 1095 1642 6113 3100 5429 7029 5788 417 3558 2034 8364 5834 825 8274 5912 8278 2485 2100 3073 5145 3314 9351 7738 3007 8427 68 3168 7104 3477 9575 1691 9765 9074 9512 2986 6888 2027 744 8777 6033 2553 5551 2910 1440 6738 5802 6559 9758 9088 9843 8400 5048 7722 9126 6880 6645 2379 8662 2385 2693 4710 8759 7031 122 2112 7038 8225 9461 3057 7469 5725 9360 8841 7210 7732 4887 3843 3173 2639 6895 5230 806 1095 8830 5466 3597
6241 5076 1131 3806 554 6629 3886 602 4767 8001 3769 5633 5882 2730 4192 3949 471 7077 959 8130 2772 1116 1514 1170 2442 588 7016 6449 7106 8926 1389 967 9437 5724 7546 7969 3972 9474 9146 5737 6360 7734 6364 9592 7851 7155 2686 9108 2491 7059 7042 5598 8221 4889 8194 1883 9502 3369 2851 6788 6326 8726 748 1486 9352 8786 7564 6067 466 3193 3792 7680 2521 9854 9328 6506 1061 8489 5841 1691 7343 9062 2353 2611 7497 5583 4530 9739 8251 5905 9697 9440 5124 4359 177 1676 7285 3370 9625 9780
1080 1044 6820 2640 105 5153 7650 292 2372 9943 3901 2178 408 8360 106 440 9681 609 949 1295 5304 5450 8499 3079 4112 2690 9426 2887 3194 9797 4351 21 556 7891 8582 4831 1242 7709 405 5692 3979 6633 3534 4408 3019 1425 5999 318 5471 264 8293 3466 4058 2316 6714 4511 1892 5091 7130 7557 3046 2063 1468 1178 4942 7512 740 1719 4307 7405 6112 510 4360 4153 8036 1042 4169 6018 9842 9163 8115 3904 3324 8493 6373 8002 8118 8603 9183 5631 2379 3245 7612 287 6173 4595 8100 6322 9349 8227
7825 9766 8397 1134 7724 1302 5970 1645 7950 5661 8143 8107 4863 2143 8028 9300 1166 2743 3124 8030 8726 186 6501 5745 9798 1878 9613 750 9526 5034 772 1547 6758 4150 6804 8000 9705 5439 8561 770 9772 1081 2434 5244 6595 3168 9918 9396 7757 7249 3892 1913 3853 2379 2044 5831 2425 8230 7031 8165 4479 3055 1139 3040 3940 1325 8787 2228 4495 3472 8172 3090 7201 5252 2254 5100 7224 561 0 5850 1164 392 7739 987 981 7174 7757 2926 1588 9555 9384 8521 5321 671 1025 399 566 7118 2091 3233
2255 1448 5337 445 8032 5474 4362 2751 2042 7673 1366 1330 2300 2910 2002 5902 9668 1610 6220 4644 5771 2509 8429 4757 3664 2481 7124 6136 1222 2753 5377 4854 6790 225 8153 9273 7518 9061 6044 7818 785 5332 2910 6509 4511 7685 8279 8277 4196 7319 4060 7015 9066 3891 4868 8226 3287 8185 4120 7865 7388 2186 857 6038 9012 2160 4150 4744 3772 1316 3063 7421 9897 3636 5429 9293 9983 6045 9464 5294 7687 9987 4182 5448 457 2612 2626 3144 5407 679 4997 826 5477 2640 5861 5727 3029 9435 4460 2224
2440 9874 6019 5584 5635 9241 882 7551 6930 5130 7803 4853 9817 6674 8319 4783 2767 7612 5438 135 2009 2032 3739 4363 3966 2888 156 8255 6352 2850 8253 3264 3333 1605 3052 931 9356 3906 5676 5328 2041 3548 8997 7067 2292 683 5108 3829 6043 7648 2240 4132 6210 2188 227 9489 2040 7414 573 3063 9473 2366 3655 8419 2393 3817 7187 3331 513 979 707 6761 9445 846 3898 1596 2942 7148 6855 5551 9878 3936 564 1122 6930 7636 8178 7719 1066 4349 8839 8428 136 727 6403 5251 2862 4706 3362 7555
229 3002 1718 3769 6870 6704 5013 6923 8277 7824 6466 6339 6884 1096 5129 4686 9302 3417 4005 7090 4662 4254 8577 3869 1722 1149 8531 3594 9996 5187 8053 3582 378 7404 4040 5275 8969 1970 2713 3711 1851 256 7027 9814 3909 2809 6234 9308 7793 4990 6716 6878 8588 6320 3189 9738 8513 6909 3638 9535 4193 6907 2600 8463 8700 3075 941 1015 3482 8931 5496 369 566 5018 6682 5181 3505 5871 6698 4941 5182 5425 7628 7548 5889 8113 882 1646 2690 2381 8455 2631 2820 7159 6768 828 6898 8480 9094 6265
5698 7489 2339 3688 8956 8145 5020 5951 8805 6110 8969 6888 6012 4875 1851 7507 5021 9644 2237 658 8921 8558 5712 513 9287 1714 287 8066 3599 2324 4049 5489 2264 2053 7106 2645 6274 7259 1564 9054 3499 4860 5222 7396 3997 6760 654 7270 4059 511 2320 9906 1096 2012 8459 3429 7882 1850 3596 9695 6240 7318 8813 9915 3822 7857 4262 5766 1131 7558 520 8173 3965 8456 266 1909 6328 9204 9144 1801 5255 3810 8323 2725 4254 2731 3232 7412 4903 4850 1 5636 5606 2453 4101 3046 1081 4243 2877 7302
2833 3133 4391 5401 2411 8017 470 6487 5626 3240 5406 4566 2568 7416 484 6602 6098 2145 6202 4475 9606 2861 6447 2735 6898 9629 4449 9484 3016 8160 5146 4241 1988 4757 5623 6790 9630 331 7778 2272 4547 121 6317 6276 9581 9991 2264 3188 8987 2665 8144 6510 8475 8280 2108 4240 3442 8168 9043 5783 5156 1944 969 8146 1020 1543 6011 1219 9759 2285 149 7114 4903 8743 8604 6361 7364 8836 2307 659 9232 9038 6148 1249 7173 970 4829 6280 6003 8427 7248 8694 5991 9934 3721 3680 3522 9478 187 5374
4066 2935 70 3160 6193 5420 4795 5413 5775 2781 9950 7752 2646 2202 1051 4744 8215 7199 1160 7463 1310 9227 1348 5601 8793 9890 4035 2066 5955 7714 4777 1028 8905 7968 3928 7614 117 1203 8429 6334 3204 9617 3720 9041 7738 6282 1245 7534 8271 9620 4415 1567 214 4105 5565 6796 8466 8437 2155 4888 1213 6022 8693 3049 8260 4745 8390 467 248 746 1891 8670 5760 8676 2248 9233 8141 5848 778 5481 3741 9675 8895 3642 7531 2502 3885 2839 4217 1591 1492 6582 3940 9021 3264 9123 4176 1794 2114 8843
290 8485 4525 5643 5964 6505 3334 9921 8206 4459 3055 1938 3488 7073 6782 441 3915 4222 3983 6718 6823 9359 117 6873 7427 2022 243 6310 7412 4987 3766 7590 6628 5034 1613 4180 3059 291 7310 154 8095 7723 1856 883 9360 5220 5369 2651 2566 5079 7446 1773 6037 281 3599 9985 8758 6530 8283 3044 4066 6852 2262 9488 42 7804 9173 6574 4210 2839 1853 4197 9501 9203 4144 4740 2264 7278 1697 9254 8575 3475 7262 9156 670 2938 9869 8121 3355 2591 4985 6986 1826 655 9205 189 9706 808 4061 8544
9646 4991 5387 5597 146 7054 758 5749 4178 6501 3986 8207 1378 7042 8560 7890 3653 8968 8606 7502 2147 1330 5396 2514 9410 6116 4440 9738 5099 9010 3349 884 1984 240 6596 8621 5826 627 5852 5859 8226 6906 5332 626 1688 2863 3651 1152 6301 8434 8393 4180 1744 9518 739 4424 1702 1733 5316 9482 3794 7246 9402 1819 8239 5930 9790 353 263 9551 3789 9651 7137 992 8665 7855 6461 14 5424 4596 1314 1847 5124 4291 8905 3167 2390 4909 8652 8142 2101 8094 6701 3153 9244 6602 5895 7172 9380 7941
3244 4776 4065 3273 9638 4214 7876 7545 6462 8583 3140 797 6876 7842 556 1847 2507 4822 7735 5818 6595 2814 3908 2815 900 8281 950 4520 8357 1422 1698 7541 8284 9258 3052 3403 6436 9222 8616 4954 7512 3451 8074 8190 3407 9295 292 3196 3766 7908 8022 3827 2441 6754 144 3182 1747 4180 3802 8010 5079 6627 8547 6674 680 4710 1923 1115 708 6808 1994 9651 8308 1854 7649 8915 312 5288 9693 9329 64 1344 2956 1641 8591 6789 5672 4997 8220 7318 8419 855 4523 1440 9824 166 8944 4632 4582 9817
6127 909 9710 7421 5459 2229 5703 885 9563 6411 5006 3007 7761 5906 4661 8339 6941 7767 6947 4790 97 5103 1731 383 1878 4412 5457 3622 8869 4378 7653 4122 4131 637 6460 9137 8870 94 4240 2938 466 5464 4660 8446 448 3309 4812 2290 4644 9214 401 143 4987 8648 6006 5387 55 8572 6457 2649 4580 6887 3651 4361 2919 3206 844 7780 2254 7354 1671 9852 1404 7482 9031 2169 8836 5070 9736 1874 8337 9700 7794 1978 2222 3119 327 2569 8263 337 7358 7202 7982 7329 6096 3372 1140 2966 9211 3394
5553 2387 2987 8931 3086 8146 6504 6215 2226 7235 6102 779 3046 2298 4581 9358 1099 8308 1274 6627 3600 732 2089 6111 1233 7008 6004 2929 2644 1188 1366 7442 1730 8990 6367 945 9026 9172 8066 4305 64 2612 3018 7303 5788 7683 7462 8043 3393 1604 9390 9663 897 3291 7959 8623 15 8819 6921 4924 6110 5383 6910 2342 4185 614 569 9511 2139 3181 4311 7361 2599 6856 8534 4468 9509 6816 2989 964 4341 9478 5721 373 7359 5124 4024 2434 8862 485 2559 9280 4139 7832 5554 931 2573 4591 7001 6412
2793 9589 77 1257 2865 1100 3856 5206 2741 5880 9618 2254 3512 6377 289 9741 2132 3173 5948 6798 9022 3105 6280 2132 9857 6519 2203 6034 4874 9396 8951 9787 5470 2153 889 7787 2070 8160 2333 4245 6483 615 6538 4529 8886 469 2805 8835 8935 8412 3265 4059 5713 4651 329 897 3163 7440 2979 1950 6694 9486 7539 2531 3127 4547 3112 1724 4286 8727 1179 7063 6512 6035 7566 2717 9873 3154 7128 8954 4312 2815 3497 4350 5163 7748 9987 8063 2805 6347 8554 4282 3807 5008 1667 4360 626 2798 8609 7826
9001 3381 7091 9012 8139 1207 106 5513 1545 6186 8608 1040 7275 3649 2704 2617 3322 5877 6903 9696 7770 9221 7340 7972 8758 6284 23 9190 4321 4012 8306 6085 909 6130 2637 8811 1347 3116 4512 2960 2470 7857 2095 6505 3935 5432 2579 5058 5756 671 2301 2390 9022 7444 5712 4049 8629 6162 8517 549 773 353 4105 720 8322 1672 3917 459 7706 7842 892 4076 4217 3517 4835 5656 7913 8016 6279 9190 3593 6058 6335 6290 1449 7110 3004 9782 8461 9921 7564 6803 5616 7826 846 3490 462 3391 7707 9089
9354 8143 1005 9539 8545 5409 7661 454 5162 6389 4799 5541 5887 2614 2475 428 4242 5679 3629 8563 2021 2782 3651 9278 1615 7481 3010 1421 4985 407 5492 657 6709 4869 9515 1297 3689 9408 467 1664 6973 2452 7121 4774 6000 7594 3263 2563 8059 5034 4248 7244 7653 7347 6998 8013 2655 3791 4545 2095 2065 6275 2740 1320 9872 5300 5838 8352 718 3688 8116 5493 4346 3081 4132 3541 5735 9154 9184 6700 7937 7882 8162 914 673 6377 2224 767 3924 2757 44 9052 6456 3661 4858 6939 7019 2882 5055 3627
6951 5936 9549 3006 1205 7818 3449 5358 1182 2710 3060 9930 8841 1634 8434 2020 9744 1377 3053 1799 634 2986 4807 7782 1005 988 9779 5594 7941 2489 5247 7609 442 3691 1465 2590 8526 3242 5713 7983 5783 6478 5047 7630 727 3090 7907 1572 3780 4139 1920 8328 5008 1708 121 1762 783 3329 516 5262 7427 1991 7242 5181 6378 3617 3961 4886 1531 8833 1460 8297 2754 6906 6491 3720 6701 6369 3910 9595 6872 2131 2146 3171 3355 5810 7275 7454 9283 4265 626 5105 8905 5828 7050 6307 1837 8759 877 1862
8531 2574 4828 3410 3258 8792 2975 1426 5389 2864 1492 9797 2667 695 5394 4913 9723 3950 7051 7602 8811 7486 7320 7100 4469 9267 8780 3380 3560 2944 6849 5790 2585 4673 8040 5501 7159 8204 2455 1441 5930 2415 6297 2209 3419 2324 6270 5531 2858 5793 6415 8543 569 8135 3032 9254 6669 3394 2319 9551 6440 1243 2057 3201 9841 3234 8103 3606 1129 1258 6752 8148 6857 4742 9805 1701 4525 6555 1763 6044 8575 3204 6108 2329 9410 7571 9230 4696 7118 2805 9260 3054 3249 9161 1319 2582 2371 5685 6482 4166
8222 727 2549 6602 7123 8355 9124 2649 5477 6430 2842 9003 3969 4921 6793 6976 7041 283 1191 4951 4293 7694 5524 8757 5387 662 1560 8141 7004 6761 1300 1458 3839 2924 6382 7540 9101 3171 3231 433 1614 5044 4530 1472 1839 842 2354 5841 4606 1056 2238 4222 9208 2054 8093 4475 3768 9817 966 9405 461 2408 4462 5747 229 6867 9645 2153 7251 6459 1338 9514 6249 2471 7310 4766 9339 1599 721 4077 2879 9635 4932 1038 5079 6675 3914 4620 873 5451 5979 3616 4449 4939 8100 1657 1709 231 2967 6975
5716 31 8062 2797 6107 4397 6751 1618 3645 6725 5460 9525 4523 4773 2860 697 1864 9302 718 246 1914 6850 1900 4098 2400 9388 6576 826 4019 5247 855 4000 9607 3759 8749 5100 4866 8069 9388 579 8512 3751 1584 1482 474 854 6400 2518 3837 3411 4767 5081 4259 2815 9340 4554 8221 902 6277 8763 5644 8340 4884 3412 4438 8687 7600 1216 2840 618 5711 8557 9492 6110 7606 5151 9874 5470 6649 9106 7955 2171 4808 5440 8453 2201 8219 9547 9175 1994 7237 7455 4282 2166 8025 2670 4961 7688 4783 2721
8659 118 8376 1396 460 1244 2181 3268 9195 7185 4729 7937 9680 5472 2555 7331 9256 4707 1878 3216 7219 6891 6705 3873 3334 6272 2142 9614 9748 8683 5925 4306 7909 9617 3782 4221 344 5115 9709 4583 8531 9337 8060 1936 9447 289 9283 7492 7954 9676 9612 4793 3323 4597 3184 6695 9086 9959 3340 2872 9798 790 336 3397 596 6520 6326 5569 676 3197 4750 2744 6740 1903 5927 5120 6802 1715 9269 2154 384 6875 1240 7776 3837 7188 7031 620 3061 2026 4306 5526 8253 1787 1381 4776 8520 8326 3306 788
6605 1615 9417 883 5483 8329 9037 9573 7510 2766 206 9088 8762 1632 9835 9873 869 6687 3162 6472 8498 2300 4686 4181 3934 6807 4032 1322 9344 4610 1347 7352 7447 5982 5539 1640 4943 4922 7605 485 1740 5642 1709 7180 6390 3575 4096 9503 2247 1733 62 3437 1831 4252 2589 512 3053 386 2304 5496 8618 1739 9807 9628 5304 4221 760 8248 1385 7768 675 3900 6211 6894 3423 8467 2865 2265 2330 6416 7253 2054 1014 7376 1026 5353 1373 4666 809 1598 1930 5231 7268 156 1827 1049 1586 5841 1144 7297
2583 5554 6185 4501 1988 2859 9260 7515 8594 2157 1742 3212 6075 6213 5107 4741 9420 8498 4383 6086 5515 3110 7694 7997 7471 7110 1681 5798 1728 4171 4711 5580 4102 4674 5967 1297 365 8724 1857 8541 4209 2908 9751 2583 1009 4894 2891 8541 7350 8219 6847 1242 8339 4910 1622 7767 2422 4811 8546 9861 7118 3284 9078 7247 7404 4451 7258 8721 7562 1731 7528 575 3538 8376 6093 2507 7290 4653 6537 8324 157 5839 5493 5870 8844 5713 6457 7823 2727 8103 582 3179 8445 4035 9777 9889 8416 425 2223 3260
5392 7338 9856 2670 4976 5714 4410 560 7780 2497 7642 5618 9031 6620 4171 9333 1553 2979 3191 9056 8702 3937 4010 2007 8769 4879 9687 8951 9075 7931 9783 3018 9664 4113 2003 2188 519 6754 1174 4663 7665 980 6382 1445 145 5248 6644 3940 4305 6379 6758 1569 8668 482 3802 9369 4822 2454 8387 585 9853 4483 1272 7416 4855 7983 7296 8171 3074 9116 6880 6595 7305 7479 3864 3501 9211 6618 3465 6878 995 1027 1781 6493 6208 6032 7966 9539 7572 2533 3286 2577 3754 5153 651 876 5892 2491 5645 5598
9690 3556 3068 6072 6180 3641 1747 1005 7177 7 4102 8405 6150 1310 7948 2344 7978 3257 6126 5666 6666 2389 7047 4463 7739 7171 5561 4178 4578 9518 9477 3524 1491 4972 7718 3819 6207 1759 3645 5713 2887 2303 9849 8283 4748 3876 904 3909 4210 7403 576 9307 7200 4218 5887 9639 5530 2699 1903 7486 5031 9638 8280 6858 3758 1615 1610 8071 9361 7145 623 4029 659 4943 3889 5810 4820 551 8936 538 7958 2999 5904 757 3417 5233 4046 5068 8417 9320 8147 3713 2712 8751 596 7404 8970 2100 495 2504
1852 8193 3642 2938 6950 2120 1880 6899 1955 6311 3382 9790 3001 8722 9020 2714 793 4062 4416 7001 7173 1040 8911 4557 3550 542 8063 1008 1872 6703 1147 5420 5105 4082 6396 4836 9994 7430 5990 4518 8324 3480 397 2921 2324 254 3414 645 4781 4994 6654 6545 3256 551 2234 2650 8873 1091 2720 7085 952 1678 8639 8989 5481 5160 1687 4436 7203 8890 8080 4737 2437 6574 2823 5304 4712 2559 1714 2478 8109 5853 1078 9084 1272 3689 4849 4564 890 5045 1805 412 7517 9651 6673 1939 4698 8929 3322 9093
1115 9399 7857 3474 7413 6616 9011 9417 9684 5077 3729 167 2365 2140 191 1973 2424 7306 4030 456 7152 6888 456 7230 2749 6433 9441 6952 5786 4865 7624 6488 5799 1786 111 7157 5390 6152 891 8203 8692 2654 247 8330 2992 674 3169 5935 201 118 1746 6964 9252 5923 6378 2125 6771 2280 8032 7156 4167 6258 7801 5136 2594 4264 6734 7656 9730 9531 7240 221 574 1607 5044 9700 3706 7780 7603 9992 7637 8429 5451 278 566 5669 7349 1286 8997 2407 4013 820 8283 8877 7770 4445 7459 7550 9246 408
3088 3905 2424 7314 8145 1963 1287 5576 4350 5632 964 9414 3560 9988 9822 9542 5275 5845 7269 9934 8794 4040 9496 7383 2006 3871 4685 5624 2150 5518 7362 493 7352 3075 4669 4445 4687 3657 4770 1744 5336 2766 4630 9260 6368 1486 8017 7637 5363 166 2674 1074 1221 5826 8985 9162 4213 1608 7918 4231 7500 2470 1584 6081 5684 6647 8299 5751 8194 6109 8285 8002 591 1623 9787 5205 6609 5956 7212 5248 5848 5541 7226 1103 156 6033 4245 577 9734 676 1337 8786 1371 2062 7762 6862 8143 6759 7460 3357
7039 5935 8665 3845 7725 8779 5245 6093 1655 8592 4276 6947 4314 8634 178 131 6276 4850 633 6629 6387 4472 4016 9506 4887 8740 1880 7293 1121 3437 9110 9717 4355 9224 5179 7935 5571 9112 5272 9780 9780 5136 5712 790 8879 6462 1196 9468 4842 6639 1575 9247 8874 7343 3564 9840 194 8504 8300 6856 4 6925 2251 833 992 653 9148 2595 2484 6338 8863 217 5151 1242 2048 182 606 6053 695 1152 8339 9225 4918 8850 3999 9736 924 4398 5831 6283 3236 2937 7006 938 4212 5382 7297 6049 5507 9019
495 8510 5177 8280 983 435 9195 8527 6827 2275 7519 1693 2167 5129 9136 3159 2934 8316 1755 2 5796 3 3810 8781 9207 3118 8260 4155 4154 6952 8228 4615 4092 5680 193 6559 6174 5742 5513 9419 8279 4347 9298 1894 8128 4182 9775 5131 3708 5078 6524 1001 8009 6063 1134 9022 8893 6566 6498 8510 658 9039 2573 3894 6162 5035 8571 7810 3156 9426 1017 1827 1382 3514 9646 2994 9904 9847 7345 8566 4386 9501 5069 3347 3101 3136 3887 3376 8721 6258 7240 7196 9620 740 2799 4923 7907 1935 4216 179
4582 1840 2731 2034 4883 7129 9869 3968 851 9850 6495 3604 8254 1754 8730 5261 6392 8571 2528 682 4862 7519 5471 8461 669 8759 57 4850 412 461 6958 9864 2623 6421 144 3413 754 8082 8569 3953 6100 1111 8519 3121 4095 1720 3132 5262 3689 7777 3390 1330 9461 4116 2569 9325 4902 8652 4626 9892 1740 7574 2745 2957 675 4359 8069 2122 7084 1747 8988 2501 931 5896 3209 307 1725 7797 8756 1016 9571 990 9088 5329 6180 9572 8228 9907 4058 8999 9715 7677 7730 9093 3688 572 4623 8941 817 5496
3957 8200 4959 6927 6119 5111 8953 6553 7340 7928 7159 8279 9351 3792 8944 2877 9965 789 9552 6539 6562 1066 9216 4833 7649 5063 8412 9653 8905 5167 4096 4652 556 837 3450 9349 3068 777 3264 3469 7142 5724 5056 2469 8459 6235 7849 199 6382 541 7669 1083 9520 74 4815 7105 5204 5191 4187 9866 5470 4058 8802 3831 1683 710 2025 6908 6316 4137 1664 116 8264 3366 9131 1359 3900 4650 4442 2464 333 7939 7305 4525 9911 4540 7332 839 2094 741 7816 3714 7281 5853 40 9977 3959 7478 4264 4681
6018 9647 5543 7212 5885 2741 1848 8115 1238 1492 1437 1629 1527 3896 1778 5612 4215 5456 680 2306 3455 9613 4034 6021 7742 2917 8493 5201 7191 1540 1429 5900 8505 1137 7043 1889 7237 5075 825 7414 4572 4701 5232 7271 5216 9103 5773 3030 5857 8360 8546 296 489 8487 3438 8104 4638 5660 382 5218 5818 2333 8133 3692 4271 7985 1168 9856 9274 1418 8489 460 8977 8779 366 4460 2509 4601 9639 4303 9969 99 7582 7937 4238 2628 5209 8332 7783 3048 4729 9572 7488 7830 1357 713 98 1068 5634 6124
4733 3554 1418 3038 7259 4445 7840 4610 4460 2845 4151 6229 7950 6896 4266 4496 3735 5681 7911 6493 5360 729 8550 6388 5853 230 9896 8513 7092 6619 3904 9572 8060 2291 3686 1521 1605 8051 2094 9149 1290 4643 1778 2898 4248 3742 5178 1340 804 8052 7842 8291 5174 4186 6541 4441 4085 5886 2777 2411 9922 9884 4632 9935 9200 2892 6403 3585 1330 2340 4779 6654 7763 1475 6800 6430 1143 7850 7566 815 2169 3822 81 6431 5002 9526 2778 353 3963 7561 2109 2410 3838 1722 5681 4440 6205 6027 1714 9919
1926 3554 9223 2860 7141 8657 8088 6724 9353 8266 9987 4645 5423 4476 7044 4126 6075 2654 7777 9826 2555 8260 7074 3724 6518 9123 8833 3297 3997 5603 2682 5052 2595 3036 8119 4449 4375 4323 6306 5884 4487 3449 9872 3769 9857 3283 4914 3647 3905 2684 1423 2410 9003 4288 8737 718 2594 4602 7945 9884 6045 1341 3239 5312 3321 5946 3540 65 8023 7089 4466 3386 6487 2323 8487 6610 5581 8057 246 9530 2198 2438 590 1594 6839 1077 8207 743 5509 2981 8979 7111 1710 2807 1235 8282 2440 963 8221 7898
5971 5612 3304 7279 8806 2707 1575 7588 3172 5469 7236 9208 3597 5341 7876 7316 7665 8932 8534 1863 9963 2170 9604 3210 1705 3453 3404 1700 3906 1914 2300 6607 182 1918 4511 9256 6294 7686 1754 367 2246 7683 313 5457 6769 2134 9268 3033 616 2923 4671 6327 6744 1097 3013 1023 7767 7137 6030 7392 5516 1365 7480 6394 4609 1887 6935 9445 366 9669 7840 7301 6311 4143 792 280 3462 7101 5620 3445 3191 5991 3767 2376 701 457 7199 7507 4371 1802 51 6617 5318 288 1347 2942 7828 4060 3200 5510
2877 8531 691 8468 7432 357 5580 4373 1791 6659 1692 3853 1693 4849 4693 4942 4496 1005 7051 1356 6246 6291 6692 2035 3382 8824 8720 1176 9073 4116 9439 6342 6344 4058 7975 8997 6845 5337 5090 3529 3602 1329 2559 529 8900 5598 511 5486 7106 5467 4484 4539 5087 4091 1486 1313 3983 2497 3129 1511 707 4628 9194 842 4021 1833 1894 2524 6877 5153 8653 7378 5158 106 929 5793 8005 1294 603 1999 8990 7901 1870 3923 5713 1472 9611 1846 7602 862 7010 6329 1388 5171 4146 140 8492 1644 6115 3240
8305 9276 1699 8195 2354 196 7921 3671 3967 3010 4239 2267 1780 2941 498 712 330 3165 4260 9383 9852 2996 3587 765 7051 7088 6407 7282 8859 1529 2839 9299 1447 1407 9700 6807 4057 991 1480 5818 9631 250 444 8370 6032 5011 702 8198 7988 5627 7239 3497 4197 7009 3347 9259 4986 1706 7332 1615 8404 2697 3304 5546 9875 1090 9117 6991 6876 8159 3423 8055 4354 2072 4590 581 6510 9220 2548 2565 6539 126 7251 1203 6508 2385 1633 7304 5319 495 9065 6174 5365 5176 6908 6094 8054 4769 8988 7648
8626 5981 5678 9135 5987 1385 820 2368 8359 9457 8375 4767 4656 6736 423 689 5525 5954 6028 3550 5397 5079 4928 8048 279 5716 918 6881 7262 2611 5561 6424 669 6612 2310 4019 3967 1155 1813 4602 3900 1710 1494 8173 6113 7834 5013 3332 113 6187 5434 3037 7465 6086 9303 1197 401 5197 4722 9051 595 8035 2992 8819 7250 9604 888 8605 6224 9051 7297 4647 2888 237 455 5901 8956 8752 6046 5457 1489 2115 9272 6830 4424 9311 7148 65 9203 3683 6027 6450 1617 7520 4631 4665 4542 2006 4388 6207
226 7454 5448 7821 4876 5105 8111 1769 1324 9984 3437 455 630 6099 6327 3355 9960 7776 1360 9534 5628 2044 6 3801 5332 290 3809 5317 5262 4758 2824 2182 8202 2412 6199 5810 9133 2185 4198 9161 8054 8616 1016 8145 8867 9602 8625 6382 8709 3505 3394 2831 1876 3427 4722 4204 2338 5673 279 2290 888 8680 8417 9879 7336 5888 51 4555 4853 9928 2559 3752 5710 3139 6069 295 9329 3109 2589 5190 708 8690 5907 4626 8184 3901 5519 7441 7419 5651 8007 7682 6993 6991 5491 1638 9068 315 7204 4379
3267 2111 7112 8289 424 5101 7950 9593 7756 2391 8240 639 1395 546 6473 5533 3118 3316 1004 1253 2092 128 7811 6019 1243 5780 5663 441 9545 6161 7323 6082 5913 7185 4653 3669 8901 4668 5644 8477 5572 9027 3558 6981 8678 6670 5812 489 3900 2919 6882 803 2882 9307 8337 6566 8378 2830 1115 7063 906 1781 9567 1135 9617 5489 1148 7618 453 6414 3898 2284 6744 4844 7492 6041 610 889 4041 5941 651 5883 6934 4889 1522 8390 160 4195 7548 2711 857 5560 3513 5586 2665 5839 7158 1429 5567 526
