6771 2427 5570 314 4582 7396 1120 8240 6243 6336 4436 6912 7301 7759 5274 3938 3125 8479 237 348 797 6331 4259 8202 7869 4851 5020 4481 7552 6537 9957 1852 9953 8434 9262 7213 4771 7177 1125 4276 8128 6215 3190 8641 8384 3956 7627 8360 1595 1578 6708 4048 501 7060 6645 438 2731 6228 1314 1227 9882 7382 4847 2364 6390 2852 4818 4985 9506 6432 4042 262 7094 7343 3713 5803 3551 5424 3834 990 4263 9338 117 2350 8182 6348 5679 1012 8712 4887 2459 6346 9361 1708 2864 7647 7190 8679 5784 3523
4600 8576 2077 1359 7389 4590 313 2610 841 8411 3647 9272 1779 7099 7067 9253 8326 675 2406 4636 4321 1466 4830 3318 9655 5808 1451 1401 1386 2498 8580 3158 1824 6670 4790 8458 6782 9109 9880 9214 6766 858 3117 8309 5563 9324 2691 6003 1949 459 9273 2742 9787 3896 4754 1981 4484 653 7222 9953 9627 6290 2502 7134 5412 4613 4011 1014 8082 5937 1139 7982 8203 2778 7506 5962 2447 8071 8760 5475 63 8782 8341 4597 8816 7055 102 9459 5992 106 6447 7088 6645 8147 2333 8245 9770 6482 2974 5938
8302 9303 4477 5861 5324 9030 3370 5941 1790 2261 8278 9161 9681 9520 931 6459 1009 5688 4444 970 945 5594 2599 1212 4069 2066 3434 9786 6371 5652 1320 4715 5735 1528 1824 1929 9738 1901 5805 4563 6166 7898 5652 9580 2761 3795 3657 3888 1485 8633 502 1779 8257 8518 3635 9754 9919 8762 1961 438 2643 989 8425 5314 956 8650 8737 2963 309 5013 1217 9300 8894 4910 4018 1426 2495 7825 4705 6627 8513 7721 1990 4790 4897 4850 3634 8103 8630 7907 2293 8513 3959 4631 9289 739 2706 1389 2001 9171
2828 919 3733 8682 3821 7829 7274 6543 3870 7839 8831 6299 8900 9698 9815 3935 2361 103 6263 6426 3956 4842 5917 2570 2783 4388 3176 9026 5088 7461 7486 5070 8095 1262 8047 9240 6755 1650 2660 7521 2220 1800 4568 5215 87 681 1715 3060 1771 9957 1320 5651 9492 8944 4065 881 6237 2423 629 4641 5884 5160 3214 336 8010 3398 4458 3301 2823 7281 2032 7156 2145 7259 6605 3589 7582 286 4999 7798 3322 4130 5619 4452 2704 2125 7181 8264 7623 7167 7156 282 165 8439 1177 6431 6544 7025 4298 2111
3847 2407 7599 2389 3838 2591 5801 7839 1444 432 3067 2873 8769 8890 9270 9808 4622 6826 7633 6581 6943 1567 679 8799 6697 9288 3338 7907 971 5073 8373 2023 5109 9883 4755 4014 9871 8659 5192 5011 2728 4477 6395 2003 4673 5047 361 2369 7698 272 7812 6743 1170 2590 8965 4705 4572 690 7514 7610 5100 1260 9429 1270 7309 4081 4426 6404 9413 4439 2731 7768 5703 465 6099 947 1558 8219 2272 2874 5530 470 4850 9556 6647 2923 2741 1853 5882 1622 966 2985 7447 2658 4392 6050 539 1138 64 8658
3961 6332 9250 6125 9325 4765 3203 1221 6081 1137 2184 2932 4154 9195 6572 462 2619 4015 6083 6576 8041 2272 112 9624 8190 3579 1018 9107 2237 1452 5472 3068 3265 5044 7336 6105 3772 6217 3649 9164 3243 891 9229 9794 3209 6215 2993 5535 5824 2956 1306 4069 9196 9118 2385 9678 3779 1692 5090 5862 5397 2771 6241 1905 5948 3896 2000 3569 6080 4355 3870 2642 8649 7971 4796 3910 4547 7125 5357 2643 7918 1917 1827 8900 2122 93 7764 9129 9014 1085 4639 4062 5537 3799 6816 7806 3610 624 8239 8828
9942 6722 6366 7105 791 5222 5481 6547 4724 7454 4679 920 3588 8138 3494 2474 4929 3062 5384 5398 4148 8244 9967 8701 9267 1459 4963 2649 3269 6638 3690 3694 1623 6010 6257 1863 7394 733 4876 2595 5118 4445 3790 8305 5399 475 3911 6832 7951 697 9737 1752 3455 8517 2840 1990 9153 2362 7666 1106 8008 6228 7173 3868 2038 5171 2191 9197 8064 2599 7361 9985 7961 8082 7454 2106 2152 1258 4028 9384 3204 4139 4121 2641 4017 2176 1827 9514 9800 7787 6454 7288 3997 788 7336 6771 1720 7533 5261 658
9436 1484 3373 9934 5941 7280 908 7444 9047 7274 2148 7203 383 6887 2616 6205 8423 4372 5407 6404 5960 816 2017 5250 1410 8425 8971 5564 848 4945 3270 6977 5857 3904 8128 9786 6286 3063 6697 7350 2503 6209 9699 7752 296 3531 5681 8334 6468 9116 6490 2592 661 2278 8974 3362 8713 230 6791 6571 4072 9053 8967 2344 711 2295 7770 657 6859 5687 6694 2451 8382 7330 2426 9568 4766 3689 6778 577 8150 3718 2256 4459 1479 1123 5450 7654 5166 8259 3666 3799 1756 2779 4148 952 9985 6993 3192 2778
6225 371 392 174 7954 4752 2892 2369 7079 8101 7172 2114 3247 2473 4750 8499 8957 6523 2066 4411 4747 4883 3449 9685 6305 4954 4736 3737 2429 1646 2430 8180 7201 4924 7346 4637 6580 4944 90 2410 392 6603 4809 8688 8012 3897 2246 2949 5679 8152 8576 1563 4400 2176 8807 3065 4595 7842 1477 4070 9265 6743 7823 5980 6659 3028 8987 1505 5513 9582 2294 998 3345 6622 8798 26 9995 1987 3959 532 5142 6893 3541 8371 8958 7139 3156 1117 7280 9378 9175 3809 6545 541 7114 6968 32 0 3427 1499
5837 74 3411 2554 3508 6213 943 4062 7831 4688 3451 3177 8378 3548 7098 7186 7867 9513 8088 389 4053 3334 1266 1998 634 5050 6160 7344 9489 9584 7798 8734 2082 3985 3282 4351 9915 4478 5981 2585 4895 7801 8127 7969 666 7400 4476 9896 717 5702 2011 7264 5894 5711 6217 55 681 3147 5419 6422 2419 1609 3076 1994 4121 6075 1460 8793 1726 5297 536 4262 222 991 8670 2083 3035 2642 8660 1369 3390 6406 5947 709 395 3160 7473 9816 4823 8134 4618 5302 5372 8500 4767 874 6274 8540 7964 1344
6868 1863 8907 2022 1920 2366 5510 9758 2538 6676 1342 8494 681 8640 6981 8644 7408 3303 1207 1099 2102 9418 9220 6880 3873 1083 1055 1970 8178 3706 8586 5930 722 3083 4902 6584 5251 5384 124 2508 527 5257 7959 3747 536 2930 2859 5766 4490 5510 5156 7736 1934 8540 9458 9660 3685 6346 8766 6860 7710 7506 3472 7076 3026 6968 8078 1258 2097 4659 1975 5067 8008 7245 4639 2841 3248 7286 6150 1834 8783 3047 6182 8533 601 352 4477 2186 8276 9927 5614 4161 3336 3325 7570 5810 5475 1520 8431 3299
5405 7616 639 8976 5135 337 62 5050 4161 6071 7148 3765 9648 1524 7004 4989 8740 2567 4659 4371 6216 4460 1377 6377 4139 2402 6302 2098 4988 9954 6104 3810 2228 2724 4077 1395 5630 4783 1027 8377 4921 7181 3934 541 2634 5020 742 8178 7640 2159 2084 343 4242 675 6525 875 8603 5815 3484 8273 9752 47 2305 6246 3629 1653 8513 191 9665 3803 6021 1959 4721 1398 1753 9691 9904 9940 3842 3137 172 719 9887 386 1017 696 5166 8558 9368 5420 6070 834 6293 3439 8739 8579 7593 2522 8880 9348
7389 7503 6363 9202 9472 6949 1020 833 9544 4747 6728 3256 1470 1315 7995 7106 9377 1062 1432 2356 5836 2086 5557 7084 636 5339 1670 6578 923 9327 9299 2263 1315 2204 514 9359 5466 5050 5884 2837 9481 1135 2052 8098 9464 9066 3235 7002 2929 7829 1065 888 4205 2189 1277 7794 8262 5632 5915 2555 5578 595 6608 8179 6655 1685 4981 7399 9509 8086 8596 14 2839 4941 521 5085 5346 3818 2933 9000 4201 7115 3963 6142 6006 5734 5624 3857 539 6205 9499 9433 9441 9792 7310 3558 1313 2746 9991 1430
746 1857 2973 8616 7929 2864 4415 4016 3742 5821 6305 5107 6210 1960 7019 3625 6199 5164 3048 2125 8421 1079 3330 7078 8244 886 7494 6769 5031 3993 6274 6339 149 5330 1456 3209 7023 7501 574 595 15 2010 7770 3734 9630 7904 9493 8312 1487 8277 1343 6039 2577 8121 5384 2528 4401 2973 3576 4771 3904 8324 2164 797 438 133 1850 516 8228 62 9340 4839 9045 4339 348 8531 800 1060 6861 1583 9961 2846 1056 7843 6808 2343 416 4081 3432 1322 4631 8041 6905 7088 5823 8183 1300 1018 6021 7851
3398 3249 4722 1492 4627 4595 3223 5228 5152 8524 395 102 6167 326 1753 1779 7379 7815 1216 6924 2815 2959 7114 2208 7711 8703 5130 9718 9568 3147 996 8463 8959 3268 5160 6764 4389 6005 5933 8516 525 4910 8333 7134 9091 885 5284 4547 8630 40 4033 3925 907 3564 1644 4064 2519 7258 953 8198 2826 3206 1689 5660 3773 6710 9507 530 6058 4881 786 4340 2049 7041 370 8617 2996 8098 9537 9197 1943 8450 2247 6948 5708 1195 4950 7478 2072 3172 6423 9066 9036 1836 1106 3715 8630 5022 497 6998
658 4976 7941 6272 5495 724 6309 2739 7249 7979 4906 1352 9356 3438 5833 3333 1982 6624 1844 7336 8789 56 3147 5476 6760 4433 5155 1500 1819 3441 4439 7413 4010 7612 1714 1735 8111 7492 1048 4282 8385 4940 7135 6934 6676 3303 5774 2405 447 9568 3481 5824 8769 9336 4722 2832 3543 1297 564 2672 5841 8422 3992 722 9052 3054 4258 8015 1201 8838 6274 8809 3783 7282 726 4077 9468 752 1429 166 4928 3426 2694 3135 6654 9108 5571 3104 7883 1974 3260 5049 8439 2536 5723 1603 7053 8990 7674 3263
338 9355 1781 1950 426 1862 4986 7167 9742 6172 1403 2085 5345 1895 8528 9828 5348 7372 5664 9279 8616 51 4603 5559 65 5600 9484 3343 7674 1379 2607 8373 1650 813 5737 7896 8957 4818 6938 7660 8578 5186 2804 3147 6688 9063 872 602 9986 827 9554 3339 2689 7311 2873 5077 402 5560 3902 7020 838 7806 8367 1175 8732 1485 3062 9675 4152 3336 1746 3831 4234 956 8428 3258 7554 5246 2784 8565 6260 4455 6474 3074 3861 1189 8529 4639 4404 6349 8180 7763 9724 3966 1271 972 3163 6234 6501 1591
8937 2986 7683 3852 6457 416 5753 2152 4016 673 4032 7934 2642 9516 7353 2924 6417 7295 6019 4584 3971 531 3440 112 7412 3531 4761 7426 1420 7087 8344 3761 2493 8471 6679 371 3804 3125 8164 6735 5083 9202 6462 9015 4090 7811 1024 7965 8851 7738 902 9626 897 6856 7833 6256 3899 8092 4098 9145 3711 1279 377 7359 4650 3985 344 837 82 7560 2571 9337 1851 5708 9274 9633 3087 7918 2328 7564 12 8041 7105 9682 4639 9689 3468 4985 4197 8581 2951 9582 8654 5381 8125 9392 2448 5599 1201 5917
1375 4191 4781 1693 9548 3909 683 2268 9816 2268 2296 7521 3885 4638 7614 4818 4989 7555 1152 9911 2030 8367 1030 612 4905 3840 4450 5075 8657 6114 3896 9274 1946 9487 9776 2220 156 1423 11 8954 6092 333 1844 9542 4118 8190 918 2486 605 6746 7804 6243 6068 7421 6845 8112 5217 3529 4724 8168 4084 2311 3545 4903 2636 3919 7006 4451 2528 1676 4172 7347 2626 2132 9513 5493 1599 2303 3392 6963 3682 4029 3578 5665 1027 9337 160 6257 9917 7957 4603 7963 7220 492 3449 5202 3141 6904 4673 8802
2668 1086 5832 6462 3559 2268 6073 30 8891 1245 4034 897 8246 9384 5579 376 4934 4121 9615 3619 3191 4068 8034 1958 1286 9194 5107 593 2095 3404 9942 2085 6707 7497 5656 4157 5929 5373 6733 5021 288 6843 290 582 6634 8712 3767 6429 2530 5613 8242 9975 3642 2686 8910 8074 8235 5579 2651 2368 4559 21 6748 9218 5338 1690 9329 2492 6011 2813 2497 6713 6161 2356 8901 4112 391 9635 7599 6920 2791 264 1236 138 7186 2318 9432 2331 3860 3493 2602 1911 6884 4812 9539 562 2409 2190 6979 1611
2883 589 1005 6277 708 501 5876 130 3534 5794 1034 108 3398 5450 9446 866 9181 8835 7182 8652 1865 5648 7915 5475 6393 8519 1131 8838 4416 5698 9634 8264 8151 1512 9015 1793 2569 3525 2812 6029 937 6911 122 2656 4640 7490 797 1732 1158 5097 9177 5689 8264 7758 42 7501 7272 1189 1616 84 3373 9526 6039 8021 3018 8455 4970 1572 6612 1879 4788 3862 185 5302 302 2525 5503 3179 1899 5425 2570 4944 682 5470 263 8779 1655 1858 1940 6849 9433 6134 3969 8782 9559 9449 9383 9327 9714 3532
1509 5021 1152 6066 5906 1463 5284 8705 2417 5560 6271 3733 5947 5923 7110 3688 8877 1678 8842 7043 7934 2358 9122 4777 4771 1037 8989 2869 6018 6963 2739 2234 8645 1722 6476 944 6813 4543 1122 3304 4169 4680 7410 5090 7037 5622 5823 7828 4976 6130 8636 3415 4632 146 7499 4543 5903 5729 1105 7148 4300 9042 3452 6071 3221 419 5741 1542 3866 8888 975 870 5973 2686 7570 8778 4708 7387 8357 967 5904 9719 2080 1327 7709 7135 2662 6981 2510 4953 2121 8082 6236 3078 4375 2377 4514 6340 354 7573
5919 3921 562 4378 1736 2351 8718 3673 2616 7469 8797 6620 7976 5805 6239 6174 1224 496 894 2867 2124 5325 8595 6960 5042 6119 8997 7467 5890 1961 8593 6356 5513 6181 447 4238 1663 9922 203 8436 4299 6053 7262 5276 9629 9519 3705 1720 9348 5790 4758 4571 4902 8247 161 5116 2704 17 9959 5512 492 8313 5804 592 7680 3937 8176 7585 4164 7194 7283 1799 9636 2245 3103 2816 4763 3418 7919 1075 7407 7011 1583 3128 5238 3494 4535 2988 6211 8959 419 6992 9168 5482 6399 3703 4529 1751 7454 1116
5201 1475 5915 7964 7465 4009 168 5411 2418 4098 5397 4118 5207 2299 6493 1023 8413 1343 3558 6919 7223 9913 7167 7528 4382 437 1715 9420 2388 8814 1059 8601 6914 4777 8839 7562 2628 6439 179 7399 2012 6512 3780 5509 2662 5977 5612 4885 2474 2189 9280 7927 337 3393 8106 3404 5736 4219 7397 5598 4134 9324 1159 6352 1133 7322 7819 7657 6170 8866 6371 1046 4089 3633 9732 8951 7425 5160 1890 1586 1411 5505 9377 744 3146 4365 7874 9362 9446 7691 3388 5729 5501 805 9341 8031 7062 5217 5405 3148
2470 8172 5583 4391 4708 2658 9362 678 1184 7729 9746 7426 2606 504 4042 2810 1800 6270 5665 1300 893 347 3093 652 9782 6156 3282 5749 9981 5121 3023 6547 504 2940 3318 8438 3238 5368 9841 3381 2958 3922 4888 4812 9362 4415 8233 8803 1085 2655 7389 4593 7973 8772 3085 9745 348 5806 1318 3840 7987 1750 1718 4324 5755 5036 8555 4923 2814 5533 9248 4214 4068 1047 4609 2971 7562 8780 1980 2616 7569 4759 8489 6682 3955 1164 71 667 6084 3165 9562 4654 3815 1548 4070 8384 6878 7260 4055 3741
5578 7351 6907 62 6135 7291 6408 8243 1093 2081 4026 9006 9188 5868 8064 6271 9536 4326 1931 6777 1842 1722 1490 391 1763 883 8062 6496 8014 1580 1860 5024 4960 1350 6674 6690 8929 148 7751 5667 1753 4782 9283 2717 4067 5828 5831 8701 671 1691 6083 4388 3609 4683 9810 2205 2366 1401 7229 5633 7242 371 3527 2311 1828 6735 5746 1314 7370 272 5728 4162 8322 3446 8233 7514 3244 5965 1623 7095 602 2827 7960 4103 3506 671 60 1100 2282 6101 5071 4531 8432 4466 4886 6071 5673 2682 8384 7259
877 1581 9253 9498 4373 6000 6227 7003 9697 4130 8177 2165 6082 5043 7608 2594 5551 1587 8720 4909 578 5081 2130 2746 2452 600 5821 1145 1342 41 2321 1677 4653 1508 5941 1314 1535 5498 9654 5302 9198 3733 4935 8555 2244 4511 5766 231 5564 9792 4107 290 5819 4978 6829 9556 2016 5494 5827 6968 2158 448 3210 9760 9193 7227 6469 7640 1743 9207 4178 1467 5311 290 5022 2392 5006 3133 9070 3903 6847 7314 7332 2143 7523 7068 7245 4371 3985 9840 1942 2078 2567 7948 9611 900 4370 9203 1131 7327
1313 523 1109 4239 5489 5081 9271 431 4953 9957 6267 8269 8348 1657 5642 5755 2925 3281 6906 7470 1686 6383 7936 8311 3386 6574 9605 5077 8785 2619 7045 5644 2379 7245 8310 4825 823 6657 7304 5856 7024 4477 4314 1069 2674 9472 8898 3813 1862 1483 5609 1328 5363 1423 8444 7444 9146 7377 2478 8303 3489 6464 1815 603 3616 845 3282 6616 7483 416 1263 6831 8227 4241 580 1992 3135 1028 7639 5859 4899 6676 4032 8021 4120 7046 2795 637 5469 7019 2292 6968 1908 8433 1066 7866 5988 511 1642 5810
4441 4536 1973 3994 3967 7308 1992 5004 7036 3690 1635 35 2311 8331 2827 3559 1738 7 5680 9529 1618 6961 6927 6393 6844 8729 9240 278 1797 4920 7734 41 9650 7 8728 8000 5474 4405 8482 7857 8321 7939 8988 4794 9436 8830 5344 3407 9477 7356 229 6345 2233 1933 1183 2394 2680 2388 2878 4454 8369 5687 8924 9919 9764 2427 9846 2424 9072 9936 6050 7680 9012 91 6584 1244 6847 81 8790 5919 9329 2510 6773 7560 4898 2658 3930 4017 7982 9739 3299 3661 1472 8079 1726 7746 2830 5205 9103 7025
7477 1875 3560 9494 5899 9368 679 4119 5565 6088 6862 3766 4735 5881 3443 7879 7914 247 8516 3135 9976 8645 8592 4773 9641 40 125 4807 425 8635 9691 5126 2131 1 8184 7930 422 2471 1037 1733 8148 7752 6027 7596 2338 6738 8829 7587 6465 8236 7852 76 671 9559 1502 600 4017 7610 9632 9331 2396 5646 4498 9078 8946 214 4915 1948 843 1227 8861 5271 8673 3392 2211 3971 7675 140 8140 1158 9464 4662 6782 7271 7896 664 1651 1423 7863 3552 3271 595 3343 1444 9167 2156 2010 180 5880 9792
1709 5820 2761 8704 6328 4458 9608 6428 1585 4393 689 1465 391 7234 8712 2340 1448 3201 5428 3619 5102 8075 8865 3055 19 7623 6806 4821 3094 6706 8711 3598 5029 5135 3591 4051 4860 1972 658 3752 6820 490 4968 4432 707 2467 1325 5681 9799 4271 9087 5997 2046 528 9375 2321 9137 5539 9783 8663 8481 1113 9832 5852 1956 7098 3388 5768 2596 3829 9489 1565 3324 5390 3090 1314 1009 8023 6682 3697 3751 6824 9357 5957 1980 1966 8315 4977 844 7602 6216 9054 8958 4032 4808 2105 8206 3656 8064 3823
9102 8938 8338 5153 9937 9270 1518 5376 7 2925 7087 9810 9784 8480 9786 4649 3657 7188 3399 527 1812 6154 9902 7938 4345 3114 3383 5630 9476 6916 4734 3909 6200 7287 2650 5900 1975 6799 4202 7760 3615 8618 2181 2930 7769 2452 6907 1877 9740 7637 8275 8700 6164 2258 3693 6351 4303 6739 3080 9372 3827 3801 6816 9220 2593 4876 1563 1178 5121 5678 5102 5936 7106 1889 8115 3575 535 8033 4778 8532 4190 5704 5775 3214 2044 7449 3803 7299 9186 3191 6880 4837 5517 4678 6826 1150 4997 6411 1645 11
5302 7779 1177 3188 7964 2783 6654 9581 9387 7269 3801 9910 8276 4820 763 8172 1537 4653 4581 6914 8947 713 2634 2574 2363 396 9511 6704 2227 4218 8123 7021 7498 9033 9284 8340 147 4496 8329 2913 2839 5762 197 5536 9938 3303 9083 9752 6584 5402 9613 2276 6015 4534 2741 6894 2730 8367 6855 5771 3994 1019 6063 7974 286 487 758 5896 7129 4155 2800 2901 3687 4254 8354 9250 7081 7848 1351 9823 2858 6090 3514 8979 1094 5668 1333 6455 1691 1088 5587 2772 2801 3948 7027 412 7688 6975 4510 1930
6313 3916 2422 8177 9085 8315 1999 644 9373 5626 2329 889 955 8609 3789 4752 5039 4567 2291 9002 5457 7877 4826 113 530 6612 469 6127 2080 5749 4825 7706 6487 2819 2254 9680 6630 3336 7682 5944 7595 4579 6781 9627 2561 4477 207 5741 1059 8545 3972 2505 6523 8546 8005 6440 9915 9866 8979 6242 874 1406 2927 8313 4092 2894 6323 419 2636 2614 7925 9878 6839 1588 3853 4928 9362 5489 3739 5966 8283 7562 5468 3042 5527 2986 6432 6260 2650 5295 1878 2394 6384 6959 5124 3723 5230 8015 2568 2250
5006 7760 1772 3459 4581 2880 1338 5348 149 5481 2354 4394 298 2833 1639 4846 5705 3283 6699 9075 9473 4331 9356 2429 3060 6193 422 7065 195 743 6943 7196 7352 589 5076 2342 4949 972 5731 825 9099 5698 5083 2365 6921 5437 2834 7669 5434 7110 7502 3936 1369 475 1024 9638 9034 9459 6891 1431 1680 5678 2866 6977 1910 9089 4120 1107 4018 9546 2812 8436 4042 7039 8173 3428 5870 769 6225 7292 2327 6454 4907 9812 988 3211 8201 5916 2659 9771 9735 2653 49 3533 7540 2449 870 8901 6343 352
5748 7774 983 1858 5545 2907 4842 9985 1923 7248 661 1220 9363 3730 9496 3489 2077 5161 2436 4370 8821 587 2031 4894 1711 7530 789 6085 7582 4132 1137 9999 362 1851 6958 5713 8709 5004 1788 9368 8403 4726 2176 542 3625 5894 642 3568 7765 6722 5112 7875 8705 9475 6973 568 457 2112 1211 415 1831 3446 9758 5371 5028 8774 7699 9509 7289 6882 2282 3622 6115 8242 2015 8169 8425 5857 7643 1784 9430 8012 5633 8646 5559 3361 4469 6189 4854 6978 3343 7712 3248 7669 4589 5321 6069 4419 1066 4826
5935 5450 2577 5305 2413 330 8107 1684 3111 4997 437 6772 7868 4977 6039 6305 9165 2971 6164 5518 4740 6912 4192 6770 4422 4141 7136 3195 5624 437 2249 2587 6707 7052 2718 9881 9550 7756 8808 4832 7140 4697 5700 3625 3878 9015 9297 6740 4086 4044 5745 3494 5918 7351 9032 2966 40 3993 1506 1746 8491 793 6775 7883 9106 6323 6246 1899 896 9259 2340 9710 8154 7502 3160 7076 5567 6333 1970 9306 9454 4200 3844 6504 8715 6881 7957 1860 2392 4898 4449 933 6404 6654 461 4850 7499 3806 199 796
5856 8008 840 3480 955 1624 9819 1973 2010 8225 4746 102 250 2553 5766 2931 7318 3726 2622 1224 4554 8851 3580 5886 5012 2552 1142 3212 223 9970 7100 489 6142 9425 1157 9003 5625 3663 2295 5642 9405 4058 2905 8764 8520 4172 6299 3348 1632 7079 9437 2743 604 2819 5833 6945 3971 1097 6910 388 3160 9302 8836 7098 8050 6948 177 7808 7057 65 925 7223 5328 3479 6435 6694 8986 9166 3299 781 5384 2574 5194 9975 3910 1647 2669 8716 4886 2551 6959 4579 790 7300 1660 5028 1226 449 3567 2667
8937 4508 7532 5573 4427 4991 2372 9330 4743 3816 3444 6708 8194 5130 1169 5822 6442 5533 4107 7175 7817 7851 295 249 2046 8246 2181 7658 6734 6507 767 4615 5027 6693 566 1168 3653 4554 8965 4815 4119 170 8249 8480 5705 5471 4490 3910 8650 7306 4728 2340 98 3011 9625 192 8647 2522 4178 9245 6274 6391 3523 8868 1184 2520 1734 8748 8946 6076 2764 6249 8187 1252 8181 1842 387 5305 2002 2583 6563 2001 5707 5373 2159 9169 7677 349 2614 1599 8745 2372 4405 5695 3061 1891 6710 8344 4362 2525
8938 1733 5658 4428 3251 7439 747 1762 6941 90 8995 6494 6566 8909 2624 5627 9189 2782 311 1326 5237 9058 3465 9130 8532 1399 5813 7968 911 4860 2870 2882 8995 1458 6048 561 9996 9952 3283 8610 5513 4355 9698 2387 213 7375 774 135 5096 1448 2279 1756 436 9317 7569 8471 6705 4403 4458 2361 5286 3170 7628 2921 455 374 2748 7744 8283 5523 2233 8490 3384 2259 3127 2687 1747 7018 4243 487 1335 2560 261 4120 3390 71 9487 4120 6195 2506 4901 8994 1443 1789 596 9195 9800 5942 1458 3263
2391 8562 9823 7775 3201 1089 2579 2608 1348 3955 5780 250 1942 3780 2868 3585 3249 6085 9087 4528 3757 5864 9182 7767 7171 2158 6198 8948 6659 177 9434 8014 7706 8800 2183 1375 5174 6066 4972 8734 9617 91 5746 6279 8554 9486 1304 1023 7600 6367 6208 5517 1665 5698 2701 1227 2330 1519 1392 739 9391 9456 2261 9787 8850 1906 1894 1204 6182 9423 1727 9059 4138 4599 7681 4180 5709 291 3321 1920 8144 4262 580 3684 1245 9302 199 1848 6490 8673 2587 3599 9325 5671 355 8887 1936 5513 5411 3833
8327 615 2702 1987 9735 5594 3886 4788 6358 4342 6751 6154 4973 893 2882 8499 2679 797 8426 4152 8673 7698 3671 155 6636 5898 65 5175 8138 9148 7041 4836 3187 8380 3756 1322 6242 5500 1462 8565 5791 4913 1622 536 894 3294 9395 1489 7653 6059 8742 4840 4548 2088 3710 5160 5726 6041 5422 6529 5825 9185 6802 1582 9428 5900 5428 4976 7507 1022 39 2187 4132 1033 5704 4219 8733 2644 9733 5590 9656 7537 726 1882 5397 5775 6471 5460 4308 7827 7810 6990 2486 4625 9855 9896 3040 1041 4119 8950
6312 9378 5880 1957 6072 6122 1822 5812 5766 385 9937 294 2814 3151 4602 7507 5213 3133 4257 5753 2719 1750 1018 9753 6738 9416 5148 818 7202 5549 8589 3871 4032 2585 9655 4367 8613 9440 9619 6931 8424 7071 3646 7813 3845 291 6928 9030 7399 2396 9191 5820 81 8494 9328 605 7161 9312 9832 2420 1633 4543 4517 1042 5900 9400 4000 8335 423 8024 264 5102 6412 2942 2204 128 9235 6051 582 2911 5017 9429 9092 1996 5954 4877 7701 5568 609 1122 8486 354 8637 5413 5858 5061 4347 3154 1449 9287
2644 3832 3223 438 3786 6653 608 107 9618 9998 2078 491 8757 2603 3059 6342 7983 360 9436 8283 6392 8692 9124 8569 7035 1207 2069 9355 4134 3963 1060 132 2880 9584 3553 6892 3235 706 7234 8668 5777 3409 5507 3341 3413 4763 1659 5298 8620 6043 8341 9580 3026 8396 2696 2226 9249 7098 3857 949 745 5457 6687 3530 4526 3717 139 3552 9629 214 9516 2769 5743 1357 6847 2345 984 4127 3871 7135 2362 3782 8193 1125 8504 7204 9588 4292 4843 9203 5736 2282 2737 7317 3104 106 5120 4792 2686 947
3418 6110 1039 1823 1202 3552 3531 7368 7978 9736 3643 2357 8340 3210 4407 4868 2869 6994 7523 9062 2904 2530 9699 3511 9434 6910 1287 6171 4369 3313 6534 3738 6641 1268 2340 8561 4851 2665 6533 5512 2526 5269 1380 7941 4808 6567 2958 5075 3408 7353 9107 4723 8478 267 319 6231 9924 926 9052 7335 2038 6778 7280 7909 1021 17 9307 4070 5052 2432 6474 6816 1668 7797 8290 959 6029 1046 2216 1413 9494 6447 5080 5958 2805 6005 7069 9531 9255 8155 8143 7814 3200 2781 9158 2530 5744 5149 7576 810
6967 1814 3878 7224 3224 5382 8457 914 8386 9522 9646 8562 8455 772 514 1089 1105 3518 1251 3031 7841 2078 3492 5741 1795 4201 387 6559 5588 9569 3594 3627 8895 3566 8382 7459 2619 489 4552 2577 9522 5948 8520 1886 3603 6582 8594 4064 8533 3732 5736 3961 6552 831 1998 2238 3714 9053 4402 6942 521 3555 8098 381 6099 4527 8158 2881 2976 4607 8720 1317 6247 9074 7273 8190 2380 1696 1693 3732 2289 806 2770 3797 5151 2942 1014 2801 5247 6570 9388 2820 5662 1621 8270 108 9494 5546 8888 6866
1623 2613 5917 804 9429 2209 4366 7344 2605 6768 7717 6420 9892 3720 846 371 7901 2326 1416 7834 4807 4289 5731 4352 3664 2601 9046 1504 9490 9159 515 7163 7045 4596 6926 4237 289 8473 5417 5260 3908 5816 2162 2964 2084 8413 3642 4891 3612 2550 3733 5567 2700 2703 3388 5107 698 5261 4729 8251 1123 7081 9968 9677 2698 1444 9895 3072 2179 2797 6155 68 4755 3053 2223 7776 2420 1272 8232 8347 1425 2309 1001 8320 3111 577 8290 2685 4036 8866 2236 5020 2939 5803 6381 6473 4468 3721 7331 3960
5863 3588 5003 4555 9079 4202 6582 4203 8894 9209 7502 1547 941 8095 5683 4156 671 6191 2546 4224 8037 259 63 7064 110 5343 3709 7767 4661 1421 8841 4446 8522 2431 3324 1911 1107 6741 4882 9750 8905 8839 4499 2002 1578 6490 175 9566 974 4032 7924 9260 8746 3536 2929 6784 8231 5398 1923 3185 8511 1781 5439 4392 8630 8722 1649 4264 6921 261 5728 8487 3265 8341 4256 482 5809 7346 4829 4030 7767 9828 5948 9624 4629 1119 3223 4592 5452 315 4691 6234 2661 7718 9832 3643 1184 720 8583 9450
4019 2662 7207 925 5 1097 4034 7844 5292 2140 8866 437 7194 101 5840 7102 8520 6047 309 744 3011 3800 2722 7892 9336 1844 1116 6642 6495 6103 3461 7167 3903 619 7865 3771 1122 9100 8744 9109 2421 8005 8377 3399 7406 884 731 1603 9665 9199 3073 5450 5883 9208 6247 5938 1692 9299 8294 8936 5404 6947 2700 8493 7154 8042 1606 8820 9117 5284 2955 9126 6683 4186 5987 4720 8073 8514 9836 9838 9606 6390 3768 8630 5638 2393 8626 1965 456 3259 6447 856 4103 5459 9454 6011 7873 3637 1239 1946
7722 2712 4970 2496 4383 1971 1616 4757 6506 3631 9202 3085 4825 486 40 2890 8091 5873 5031 4405 6999 2997 7323 7145 5629 1643 7648 1108 2783 62 9876 892 2880 6153 9213 1400 1735 7149 5090 3188 4734 8638 730 1300 8762 6247 4092 5784 1059 4994 6493 8631 9259 4709 1214 658 696 2898 2114 4832 1715 1775 524 495 9486 7222 6666 6997 7504 9386 6132 1412 9185 2222 3511 1666 6482 7636 2120 2987 7436 9878 370 3825 744 6086 8355 8885 471 8245 944 7243 2419 4796 6950 9741 7077 6030 7841 5102
1938 1488 9393 2460 6332 1090 4381 4565 3780 2957 5392 3563 3705 3706 717 1281 224 2841 2039 4843 1040 3193 928 5126 2045 2390 2703 5229 640 3074 4026 6643 8279 9209 3133 738 7593 8518 1465 1351 3103 5170 8421 5528 7695 4696 8469 3797 1243 5065 2164 6985 6815 6065 5291 9294 519 802 1651 9060 9076 5681 9860 4303 8739 9283 9804 3085 4881 7896 419 3488 9204 4265 2925 1123 6657 3551 3033 5634 4321 9660 8692 1751 8764 4329 9112 4461 7887 7328 8527 5653 1927 7630 225 3340 4296 4005 5425 8535
3395 1945 1087 8820 1591 583 9967 2273 153 9272 9577 8954 7653 9700 2255 5446 5798 9694 7333 2737 3396 1274 4339 4589 5461 1677 3874 2896 9474 4276 4668 8888 2374 5885 8601 2649 9873 2704 1381 2365 9995 6925 5510 3206 5897 1955 150 4501 2557 8333 4425 4003 4567 9873 326 6973 639 2404 1992 8775 5906 2437 2808 1266 5954 6577 5794 9212 3839 2206 2588 3868 3615 8757 9203 9774 7362 9564 7818 7120 814 1036 2775 6489 7892 806 1337 8596 4207 1923 7955 9220 61 5869 8025 5635 2174 4924 4105 729
3389 9119 2336 2659 2313 7004 8472 1080 4862 9761 1283 9695 3350 9551 8130 1084 2608 7851 8767 6114 516 3614 7422 2462 5602 8926 6610 9494 126 5369 492 1175 4281 6972 2649 129 5608 5639 3263 9814 1543 3788 7407 8540 9247 2181 9417 1587 870 2242 4310 778 6357 185 932 7885 3442 459 1511 626 3618 4105 6478 8807 3097 4781 8861 6939 6952 4747 1702 3092 2254 2998 3386 1577 2776 3342 2381 4773 3114 970 5182 3401 1601 5558 1863 1334 802 3173 2995 7821 8590 7953 7095 860 1346 5130 9506 6801
5611 3584 1093 5394 2562 3188 6439 1286 9639 9686 3306 5940 6468 6993 2629 2927 7261 2867 63 3490 2127 3950 9529 330 7016 2693 795 9234 2712 9689 7327 4917 166 4755 647 2596 8784 4061 4840 2526 6351 7629 9518 9636 7176 9181 595 4263 4887 7377 3945 3023 2789 647 2224 7945 7192 6812 7022 8437 9713 1002 6787 9665 368 447 7159 2303 6279 9079 9739 3665 1071 9080 7873 5069 6944 2383 6013 867 7169 144 5401 5685 8831 5801 1098 2021 1922 768 9883 1155 7467 9587 396 7699 5054 7609 2427 2132
3985 6762 8201 6625 7980 2117 3440 3780 8670 4427 269 7668 8433 3059 7895 6584 3342 4856 4365 6463 8517 1766 8798 3189 6119 5368 4489 6449 7134 4925 5806 2239 4665 7182 8314 4188 4623 3141 3452 4000 7572 3191 3224 1258 4014 9531 1223 5125 3269 4877 4998 3845 781 2285 7600 3572 6520 3118 234 1602 7101 9402 6878 5878 9674 1985 1409 3254 7267 9924 7666 6336 7305 886 3974 3804 8097 9340 4944 4969 2290 5510 936 6757 9105 7816 3826 8221 7118 3367 4765 5918 1648 2317 4935 7421 8644 3150 8085 8085
2948 2487 8928 4341 2776 1182 9037 3391 5155 3684 7689 9576 6607 272 9179 4285 8054 7693 5903 2933 9645 47 9685 208 8310 2547 4878 708 2111 2680 4955 2354 4876 8118 4943 6780 8806 5665 2463 5725 8562 9813 6078 8187 3915 3261 3797 8703 5122 7205 8385 4776 2103 4640 3220 7720 9274 4022 1298 815 3457 9436 4127 351 5838 9831 3357 2805 6793 4263 3392 2032 5904 1792 8717 35 1588 6242 8548 5158 3267 9899 3987 7913 3729 4334 8109 4686 3840 1235 8614 7122 7792 4624 235 2597 8158 9505 7738 6710
442 133 9159 8910 3508 2146 4635 8153 5366 4430 5420 7012 5675 395 2218 8074 6708 1414 2620 7794 5942 5581 9964 9053 9920 1907 8646 2407 4543 5590 1975 6564 3976 6991 395 6313 8824 4024 3396 5274 9162 3218 6198 552 8385 3466 3575 9222 7175 4773 9240 7927 6895 4923 4493 5080 453 230 1132 5745 1289 9545 4053 2929 1371 19 3966 6889 5647 6547 734 8939 5258 7595 8220 7336 724 2000 6324 8289 6757 3119 5362 5441 6922 2992 3794 7214 1232 4893 7173 5232 233 465 5621 3038 9090 7171 4997 1331
6900 3625 8231 7697 9224 2549 7628 9450 2149 6594 8278 6398 6255 5612 4772 4713 8271 5795 7516 1715 211 4569 6170 1125 2083 3012 8798 9388 1019 7354 5129 1341 8791 2490 6876 3079 7206 6421 9786 8993 3967 7162 2426 3799 3927 8205 933 8825 6850 1977 2625 720 4617 2983 6830 8645 3762 9425 9250 9559 5867 1876 974 7741 1231 7108 1736 779 269 6793 4536 1350 6030 7577 3417 8963 400 3250 2209 3022 9896 1561 2801 4403 247 6113 4002 8479 6329 96 6097 2060 8807 7249 8653 6202 1792 3781 7566 4922
54 7 6648 753 9598 4419 6603 2553 4520 6734 2242 6226 9134 4527 8878 1909 1683 723 8269 241 8786 400 4904 2822 2445 1907 1535 5892 8693 6232 7011 6709 7917 6404 3774 9538 6549 6203 9212 6826 3743 9065 4947 5336 2043 3027 979 6851 1143 6679 753 5898 3288 7711 1387 1174 5910 3690 1297 7552 77 6678 5443 4916 4369 6313 9435 7870 4518 7588 6904 3159 126 6411 4653 5451 9831 621 9860 27 9866 156 3316 9356 3932 1012 367 9816 4546 1746 9321 2447 8657 10 6799 5738 7023 7073 4628 7693
6523 1929 8256 8822 3701 6418 3530 9712 5348 577 8466 6157 1328 1106 6443 9121 68 2107 5737 5667 5342 7894 8438 4288 1229 4868 9504 7571 5580 5285 3300 6381 9628 3979 529 5656 1986 5978 9924 8043 334 1264 8735 2440 413 7864 959 3783 1629 420 5965 167 9901 3276 3963 9645 4293 3175 2163 9963 8786 3531 1677 3524 8637 7728 5080 7619 4418 1731 647 2157 9888 4075 9950 5626 9192 7122 7623 4534 7268 9117 1123 5169 2208 1830 8243 9417 9664 6743 4245 5760 4086 7639 4091 8733 3851 6244 6641 8441
3010 7055 5777 5372 4847 1601 7543 5458 5230 886 4459 792 4496 1594 2447 9259 2621 4839 1301 4012 8383 3861 8078 1119 8731 5897 4954 2726 7652 9599 5468 9521 5531 4660 4402 66 9155 4966 1816 9570 3750 5380 9268 2609 547 8138 4496 4658 749 4399 6358 1710 5919 1672 1782 1963 1035 673 8005 1043 5361 8310 559 9565 6120 6879 3050 3642 412 1314 9652 8784 5391 3321 2382 7474 2629 2135 4480 9891 8585 6518 3271 1866 3785 4926 6371 4156 1703 9532 2960 9785 8556 6185 4591 787 136 427 2382 8850
4747 2798 4917 7568 1708 3023 6634 3500 8424 1731 9133 9472 9924 4272 7885 9327 2833 5608 2044 6583 5976 4321 6996 9046 8820 9635 8654 1312 9067 4091 1644 6234 7903 898 5174 5864 3885 9472 6320 4671 3957 253 876 2691 1853 4328 390 1192 3445 3228 9791 9223 6759 9276 26 9913 6645 9068 6929 8243 8224 9843 8253 6726 5928 6468 2000 7610 5894 552 7362 2010 8854 604 6674 7432 4020 4199 4662 9009 1224 4016 7946 596 5770 5962 230 9257 9318 2985 1540 3282 178 7699 8050 4740 1144 5603 4256 8041
6755 6897 9155 2672 4840 1823 8838 9245 569 8710 3546 6107 7086 9672 6451 3826 549 6821 9330 8300 4644 8589 1681 48 8688 1506 2052 8022 6570 6805 1042 2533 3575 9901 1160 528 8754 6823 6313 6441 324 4954 7041 5707 7072 1888 3362 6027 4589 5940 4041 414 541 6635 2403 290 9928 5192 5411 1201 6713 3420 4895 9916 8760 9827 9942 8638 202 9832 1444 7469 2237 6945 7277 6595 900 3678 5432 4327 8624 110 6886 2443 410 5479 4687 225 9902 2624 1036 56 2552 5327 7956 5315 3192 722 5437 3185
137 4020 9313 6980 3491 1093 4960 6997 3750 3248 5157 8991 8015 164 7039 1330 704 3226 5031 7531 8797 7958 9181 1203 8075 3962 4578 6851 6 7479 5226 8847 145 3179 4029 8103 4316 9318 4110 8559 8772 3713 7826 8115 248 3694 5813 2840 6783 6877 8860 8935 4968 2999 5863 2785 7709 8505 1873 9765 1344 4947 2065 7858 7099 3741 2501 9651 1492 9439 2033 901 8102 7084 3831 7650 8443 6409 2417 5367 7265 583 9446 4373 5572 3061 1813 7346 9783 9535 572 443 2585 5387 3571 3668 9528 4004 9889 9548
7367 230 4672 1404 3077 150 9860 1333 2293 196 920 573 7758 7692 6271 87 3837 2553 4668 316 3681 4644 2653 4067 4214 8176 6768 9435 4471 3548 1993 7932 1825 1124 6709 7947 3688 7862 2628 8951 992 3045 8226 9660 2297 9383 8885 452 2269 367 4219 5088 906 2624 4704 1172 792 2409 1539 1790 9572 3859 1288 4171 360 6726 7281 4238 7984 7410 8221 896 9305 4871 6844 1439 8690 2759 1197 7416 8520 2032 3305 6514 3072 5648 3292 8443 2728 7627 1895 6770 3806 957 4055 5366 923 8523 3522 4992
1941 9970 5421 9985 9955 1424 1449 5051 3291 9086 2231 8305 3939 3757 1614 8639 4752 7388 6459 4754 5813 5604 2613 6106 1358 1302 1130 9660 991 3574 3749 200 6934 542 9418 5602 7189 2378 5570 7788 5676 4470 5493 7287 9850 2210 104 1656 1135 1685 262 5271 3187 5812 3566 2915 7263 3499 7551 6906 8035 1639 1832 9557 7957 1458 6423 6808 7866 4023 6817 2440 8857 6619 4351 5192 3707 1444 4461 2918 8311 3432 5830 500 3062 1818 3084 8441 9022 3975 9529 8937 2152 9811 4171 4774 2723 3376 9686 1505
931 9862 111 7548 2315 5471 9085 598 2092 3721 8076 1292 6124 1503 8787 3199 2317 7673 4925 1911 4614 7259 7545 1943 2692 3714 6146 7115 182 7904 1749 8704 953 8062 1811 9695 6238 3464 5919 6319 7002 4283 7412 6522 7777 6464 5718 9388 2028 9823 3089 6589 8317 5271 8253 7971 4449 3153 5935 7922 6710 5326 9735 8748 4477 3828 244 9570 9053 699 946 6226 3123 2968 167 4616 3485 1874 8407 9837 3076 2176 868 3068 8365 3333 5464 2044 9482 5961 9297 472 5442 2378 8252 9500 5442 9522 6657 4639
8999 3062 6003 3877 9133 3459 3454 8812 9034 6755 5112 6007 483 4680 7154 3864 9275 8091 9438 183 7383 940 3625 9662 8009 1077 2485 9733 4420 4245 4375 1307 1152 1245 8884 2118 9015 7562 838 2706 7430 8399 5205 8065 5227 5470 281 253 625 2315 1666 5648 2348 1092 9714 7825 5806 918 9236 4878 9518 2175 540 4738 1564 2405 6627 7131 4171 8526 9004 4677 734 5984 2374 59 9440 5624 4088 621 4002 1665 1173 6241 4056 7366 4079 9555 6109 4654 9044 8407 7573 8705 753 4544 1271 6358 960 6041
494 2868 2034 7507 7727 6133 1498 7495 9056 4908 8092 1148 596 3006 5932 3522 9465 2095 4321 3341 7608 7263 2615 6104 288 372 6607 6156 1217 4358 6778 7530 6561 8943 2123 2788 9836 8155 5709 6160 4003 2584 3234 4206 6872 8003 2494 2588 4266 2263 4819 6833 615 9328 794 1822 4889 1986 3649 8352 1745 557 8636 5338 6286 7377 5847 8530 544 753 6062 8902 5907 2087 3444 6571 4409 9078 4638 9895 9920 7229 5174 3049 1775 7815 6185 59 8819 1962 5630 5651 2599 2732 5045 8633 4383 8935 8596 854
5447 7500 915 228 703 464 1727 5729 3440 9431 6280 6438 9073 2757 584 2849 7347 7513 510 8458 4054 3317 9757 6694 5457 3433 113 3090 6692 6794 9012 9063 2647 832 1351 590 6328 1637 4 3640 461 2857 4674 2826 2567 1063 917 2777 7533 6746 4004 4435 6954 7113 5963 2431 2794 1285 952 5232 6327 5228 2813 9962 3190 1475 5332 1931 2042 1385 8452 7552 6856 3504 5873 2925 4665 2247 2886 8977 7438 7830 4551 4511 9334 12 1949 8064 9751 6030 8966 2597 1789 329 1451 6693 1177 5521 1772 1299
7 1951 9532 9099 2382 4772 4552 7527 3038 4146 9326 3378 5198 1942 304 9428 8152 4861 3715 9795 6111 7267 9796 2529 193 4097 6359 2102 6844 5444 1317 4785 9671 7848 1615 3646 5794 5688 1428 2663 6499 1617 6926 1480 9506 2883 1946 9259 7960 7344 7269 4457 5722 4718 1623 7706 2821 4365 9171 6471 1804 3547 3142 8400 9001 82 5754 8580 5249 7745 8749 5970 3605 2011 8454 3528 5495 4645 9742 3976 7478 8153 9060 7648 2340 5186 5330 9238 1155 1288 5219 4546 28 6905 9046 2965 3490 7984 9722 797
8886 3765 545 6754 5386 8931 6707 6610 7758 8695 382 8806 2676 3943 9635 4313 1929 1950 8278 5123 7698 5088 4914 789 5555 8365 2021 2678 8694 2341 9414 4547 7284 4738 5545 9841 1573 811 6642 2553 2840 7174 3181 5793 3964 3773 4811 6875 3701 8058 4510 2659 1639 178 620 4847 3953 9167 794 8483 1147 9259 8947 9270 7137 2461 4972 530 737 5320 9395 8896 8547 3543 6651 6100 495 7873 5633 2392 4867 3760 7342 8461 6250 9016 5064 278 3087 678 3574 7484 1596 4889 355 1193 571 6850 1104 4939
2261 6297 7593 1009 195 9625 932 9818 5529 9088 3316 296 8000 3035 6520 5753 6165 4832 4634 9993 3066 650 7692 6365 3707 3164 7236 5085 3179 761 1853 5353 1077 5632 5572 1852 3410 1925 7345 6606 9290 6360 8815 454 6830 2906 5149 1493 1801 6815 9232 8136 3900 6714 1518 6569 3475 7549 1823 7700 6933 7338 1160 6406 3386 2291 3084 8017 2773 821 6609 4783 9746 8897 1335 3899 8938 5055 7865 9976 1635 6838 6437 5205 2417 8291 9485 7878 769 4182 5740 7808 6168 8291 4355 7327 1253 7875 2561 328
100 3558 8428 5487 8003 6645 4248 4941 9215 764 7634 5687 6058 5207 2695 9556 9882 4216 7672 5503 6800 409 5612 751 8303 2825 1757 6406 3118 8528 6007 4100 8878 8198 3143 1506 7183 8418 256 1458 1852 4720 1526 6078 6510 1688 5535 5085 9844 3258 5666 3013 9012 3405 8848 366 3757 7339 2210 626 4095 5976 5766 489 1097 4424 3514 6655 4263 415 7818 6788 5088 4119 2733 9965 7588 9001 4526 1226 6055 7373 4304 2062 169 1734 4156 2879 8261 1728 1437 398 4900 224 2344 6784 5697 793 542 2756
7829 356 9811 5105 6779 6018 4674 8963 8481 1394 5065 5793 2595 525 4742 6314 3511 9340 5603 4434 4191 8403 2692 3879 9288 2541 548 3965 9154 5240 2259 3014 1476 1049 4519 5615 7437 4949 2264 6642 8251 2511 8086 7105 4882 4080 2917 7570 2167 8652 348 1777 4325 7894 5098 133 2830 3920 402 7124 5919 6436 5512 4816 8343 8393 7288 999 1 5775 4486 1861 385 947 9842 9143 2447 3280 4508 7927 9241 6328 9481 5003 9706 4230 4034 3219 7335 7663 9946 2760 7680 2720 5816 772 6148 8782 8996 140
5117 241 9592 5031 2901 856 4602 2087 8146 8514 6654 1996 6222 4136 8742 3313 3026 2101 7992 8998 3909 8048 8639 9210 863 6052 5252 5849 6436 9542 3571 7332 2744 9497 4992 5325 7902 8120 6251 6237 5444 3029 9319 635 3846 9479 8421 3611 908 3189 6032 7754 9606 4772 3075 2536 8944 2609 7477 9040 5801 1711 1598 1450 6305 1883 9887 3640 1064 9263 8322 8960 3464 7479 9991 5110 3454 816 7747 1984 8569 2645 9591 3517 3718 2764 5083 1654 7440 1594 503 6010 3903 9276 7671 1554 9349 8701 8708 958
1928 2842 8684 9662 3390 2629 5607 9278 9279 9117 9126 9484 7468 8992 956 8772 2863 8626 4979 6001 4958 175 9047 3065 8356 1920 7837 1117 6436 4837 4761 9406 2391 820 7578 4738 4916 130 6651 4031 1544 3203 7316 508 3250 371 2770 7076 9994 634 874 5940 2088 5071 2025 333 6099 2455 7774 8100 757 7001 372 5515 7784 210 3302 1188 9738 3094 5575 7703 9355 5422 4404 3089 1835 3364 1830 4202 2824 2093 8654 1400 6208 5859 4542 3650 1570 3516 7128 5713 2942 775 1717 9367 840 2539 4327 3625
3139 4032 6244 2785 7977 5628 7637 76 3703 3765 7612 1968 6050 7967 7219 8484 6320 9643 5617 2172 5175 8694 2634 6227 8097 4580 4282 8553 9848 4851 52 9453 2007 4891 8118 886 8354 3776 84 2802 2000 3948 7267 9976 6209 5548 9114 3371 6559 3032 8449 7975 3632 4852 6505 2213 8879 1193 371 3291 3997 2406 4391 7276 694 8836 5236 2328 2519 6731 6085 7795 5603 7432 783 24 5858 9011 6969 4645 5306 2346 8886 368 6449 8274 9499 378 6529 3176 7217 4019 2791 8116 7787 5622 1648 154 998 2623
6100 8838 4519 7332 1172 561 785 3616 3584 2501 5731 4403 134 8436 3943 6748 1007 3406 9538 3392 829 8975 6368 1418 3487 1342 2739 4161 821 2453 5153 2800 3586 3963 4630 6252 1662 8643 8327 6884 5552 2788 8668 5676 6131 4572 2536 3080 525 2993 3514 5854 2296 9089 4561 9145 775 2472 4695 377 4879 639 5188 5892 2966 1247 1868 3616 6093 3400 7991 7213 7236 5877 1585 3894 9375 3911 5586 9235 4609 2444 7834 9757 5311 232 9478 6893 7603 7900 9990 5339 8670 3778 2514 2429 9037 1224 2761 7725
2993 7516 7027 3272 3627 940 5911 7669 2791 1098 3058 8132 8232 70 6759 1486 7168 1156 3749 7239 1175 3092 9784 8781 8560 5757 1992 5123 7739 3555 4194 7688 7919 5544 243 2341 3742 1942 5561 5808 2193 285 6010 5301 1383 2516 3245 571 7694 2954 8623 8142 4439 9983 3266 7370 1904 4716 4000 3767 9964 8246 5092 1967 5858 6025 4004 977 761 8259 2095 1694 2223 934 3579 2686 3953 6403 6120 1043 2105 9624 6574 9975 2755 4239 6989 9292 6554 1879 4165 2943 1403 5739 4659 244 7193 9887 6212 2118
7649 2707 8717 7405 5041 4877 5162 2834 2373 6158 8785 4489 4437 7359 8215 1552 5724 8181 9242 1066 1472 5973 5769 7763 2916 1947 4321 3241 2332 227 9530 3933 8818 552 6406 9631 1364 7850 7488 6822 1663 3754 4878 8636 5686 6032 918 2850 8698 8728 1344 3566 4790 244 4140 9577 2826 4045 3792 6586 8673 6124 573 1993 9676 7370 8516 2278 6692 4977 5761 3042 9902 842 7855 3727 7569 4048 7981 3350 4586 5876 5551 1658 1696 3975 8840 3118 1371 4452 4832 2434 453 5822 7587 1879 7811 371 5933 5132
9745 6814 3165 7454 3839 6148 5685 4168 3914 4082 1196 6926 6592 569 7482 7547 2157 5024 8796 8519 2423 198 1661 2469 9619 6766 2727 5215 1215 9908 455 6847 320 9782 695 9884 965 7528 7259 3551 7441 8828 2721 1879 3650 1967 4042 7000 9498 3010 1234 2566 6273 2427 5631 8987 5386 967 5466 1388 6691 5012 1868 4739 4970 9214 2446 7390 828 1993 6966 9397 1279 2486 5708 1675 922 5541 196 2854 3928 2334 8397 2272 8213 2352 928 7751 7517 5062 5180 1065 7011 727 1976 3149 9533 6509 3354 1848
5114 8160 3693 913 3018 5097 3567 5241 1242 8943 2664 9923 6157 1164 3202 3611 2509 1059 6742 5627 9985 4999 5416 4492 5964 8132 2056 7894 7928 6086 4206 6699 1775 8217 6021 4162 8567 9674 4099 4051 3523 9958 98 9245 3204 1075 5884 8873 6791 7320 9219 1718 902 4148 2552 5767 4243 4183 7483 911 7721 5929 9506 7792 7795 4086 1222 1803 8763 5901 8636 795 6465 4968 6525 3681 8733 778 3567 3744 2040 2576 8282 8276 1170 8250 965 6576 3289 6321 9837 9211 3839 1054 7338 1842 4032 4496 7269 2282
2386 9502 3513 2396 3085 7332 8150 9462 2816 1150 8044 1877 9617 7008 1212 3147 4464 9622 80 220 8286 8260 612 7867 7952 934 2460 2915 2452 3303 1759 4359 6840 4450 3236 4405 8068 5499 733 2366 7202 7278 2384 8201 4727 2818 9095 8305 6009 7746 2361 3462 1931 5207 4124 5450 6305 8190 6302 6509 3278 7143 7635 2896 1857 5596 3710 2708 48 7069 3820 8825 5995 8643 3969 6276 7535 5162 286 3858 2883 3294 6863 8708 7656 5478 3482 6720 4318 5256 2385 4056 6130 8456 417 6802 8700 9428 2818 7141
2090 9673 5727 7598 3430 1492 479 8655 2284 7107 6145 7845 2697 1378 7910 2040 3700 7777 7898 7367 850 7734 4712 1434 5135 1896 8548 8086 3770 88 38 6080 8831 648 9850 5985 7471 563 2500 9863 3473 1285 2421 4733 4772 5720 7631 9802 7541 3886 3627 7979 7230 7521 3691 139 9640 8978 5519 2972 5572 4563 3749 6269 9831 9694 3915 8451 1719 7814 7684 4310 9864 7806 293 9943 4004 8333 7700 4294 8071 1360 849 9975 7493 7373 3464 9587 4332 4047 6911 9751 4760 5847 6233 7778 9267 28 859 3768
8231 7429 8464 224 2083 4601 8198 8174 2153 8993 8042 3530 3934 8666 7698 9496 6598 2417 5854 9413 8787 61 5380 2216 6090 8034 6082 7425 3099 7651 5293 9453 3405 5049 4940 5802 3988 3868 9629 411 2987 9960 4737 5371 946 2283 6821 6936 1387 5792 6038 9915 85 7388 7637 8875 4543 1376 5413 7720 3186 8907 7768 4500 7148 8063 2482 5462 8665 3180 7077 9702 4859 2562 9920 9168 6529 9878 100 2370 4876 4163 3697 361 4590 5711 4777 3793 3770 9005 373 3364 8741 3627 7109 3923 8237 682 6835 3291
9614 896 2223 2430 8079 3937 8805 3506 8977 3968 2704 9120 7535 6179 7088 2728 8890 324 3426 2405 4454 323 5892 5492 2355 6484 854 7026 1364 6233 2723 375 6137 5302 1736 3938 9082 2047 2470 4353 437 5810 7053 6651 6530 3737 8048 5702 3369 3674 3753 1794 5335 8726 3022 9530 9129 5028 6333 4725 2025 9420 4580 2794 2770 5029 3319 4228 4531 5843 3230 9811 8698 3317 7630 9869 4375 7281 7954 3821 7791 4410 9058 8986 6386 8344 6655 647 7050 6484 882 4023 461 2205 2988 1089 1114 2449 2633 2878
4457 4072 7354 1932 6068 7572 2794 603 1187 7703 3024 9088 5852 8523 613 2765 5358 7160 5756 9352 6791 7905 7614 5668 1002 4 1654 9234 8743 4376 6659 4768 6640 8210 745 4042 1764 7092 5744 9479 6981 3315 7854 2675 4821 4020 6578 5197 5881 4183 1665 5215 6634 4359 3636 7782 7982 3056 8734 3868 4614 1782 9450 8682 6169 9409 7200 8703 1884 6870 3509 7497 6081 2999 2567 3908 531 3267 184 4965 1917 3425 5440 4775 2130 8004 707 6532 2433 2613 7316 4947 5003 9841 6730 8718 9399 8942 9564 6444
8862 4824 2171 746 612 3115 2188 7938 157 4509 5291 9236 862 1844 51 4056 6112 4908 8492 8026 334 2813 3290 2785 3253 3772 5198 3985 3273 9804 4782 5303 3005 667 6125 465 8202 6464 6903 6281 9905 8302 6297 3478 9849 8523 9053 3942 1378 2257 8806 5268 4274 4528 8722 2479 7100 2339 9648 7431 9949 8643 255 9664 3968 9146 9748 4198 9317 2998 7681 7491 2557 9237 3087 5579 9641 7187 9595 4137 5866 3582 5323 7242 7803 9807 4295 6720 3126 7974 890 6661 2750 9659 7764 2656 4053 1237 3748 7528
4494 5226 9506 873 6828 4319 7425 1313 4620 5500 6122 1950 4770 7538 2768 6880 8897 2569 7851 697 1646 4222 933 3923 4343 7323 2849 9799 9800 5485 8493 9732 9380 6379 3240 3906 8173 6296 2638 6510 2051 6319 4249 6584 2669 9046 6050 9702 3201 4266 4415 5713 719 4492 5112 4635 4928 3141 6743 9063 7422 7089 6893 8185 2001 4625 8474 5224 3325 6195 7881 5313 8981 978 3439 2261 7067 2085 7283 4498 8999 8290 6455 9897 6108 795 3290 1591 569 5252 9229 1967 2498 9962 6166 5936 3898 2963 971 8445
8233 5780 9217 9782 5305 4615 4421 8015 6404 2643 1885 1316 4612 3739 372 403 4625 9377 2813 6278 3441 4642 5095 8395 1827 5714 5759 608 7740 9373 9333 5019 5749 7737 926 1261 1873 3373 5044 8042 9059 7479 3692 3159 6046 6050 8478 1599 6058 4393 2153 4954 7440 7998 5667 2467 6586 7066 4601 9600 9204 6672 557 674 7423 6340 4206 2563 3319 6143 9326 8286 1276 7629 2588 6277 9759 4698 9854 5731 1137 4548 9112 7687 4328 9921 6085 2280 3898 1844 4134 8863 5531 3947 7053 3530 8999 4952 2603 3941
213 4335 9025 9980 5187 3301 2657 6190 2654 5379 3675 4983 6179 4172 2464 3333 5366 4964 9867 6163 2131 922 2322 8109 9172 4060 2490 7905 2681 8693 9581 2239 4498 837 7736 7363 2388 5884 6596 516 677 263 221 2208 8523 6202 5065 3202 3841 1643 5858 4197 7497 7874 9681 5168 3068 5003 277 9528 1170 9417 8574 3267 1232 6737 334 8117 3787 3754 5540 8722 8308 166 867 6456 6572 2036 7024 4171 2961 42 2681 2460 3063 5927 2715 2342 5628 3126 4095 2127 7965 5684 334 3545 1772 9279 9652 2330
3201 3533 7396 2587 8066 5052 3174 5639 9263 2151 2857 6675 6117 773 143 2309 6863 8592 303 8326 9074 7810 298 2499 2853 725 8845 4356 8151 3945 2720 5006 925 1978 9779 5753 5105 115 3102 8649 3265 8831 400 1943 2843 3548 103 2270 5427 6404 3015 2892 2439 6250 2232 2886 8150 6093 6393 6200 9203 1749 9956 9526 4909 6126 6679 6641 1419 4545 1311 7238 7741 382 5243 8725 2130 166 830 8330 5216 7907 4718 9954 5012 444 9359 5675 4856 3239 3944 5442 7627 6770 9326 4973 1560 6175 640 7484
6812 5698 5227 5475 4662 4484 7151 6792 3413 8161 2656 4084 5706 7341 9379 1498 7226 2572 8530 9858 6348 2042 8654 8870 5956 6574 151 9777 173 7 189 9232 9686 7356 5453 7866 1897 7174 8558 4032 7965 4187 5535 7857 5126 6226 3665 247 3671 5024 30 4209 352 1996 8258 514 9466 8324 9668 7918 2318 9077 6705 3805 3145 7868 4142 2118 9771 5684 838 6275 8675 6157 7528 3909 8146 2607 6240 513 7387 492 5310 4735 8401 3463 7299 6078 8723 8070 3002 7045 477 8438 782 5451 705 9775 2310 3992
2564 7536 7165 9914 5587 7751 254 8767 1664 8404 3248 5753 5087 7203 9731 1011 1259 9044 9894 8120 4014 6343 853 7941 8817 9642 4789 6346 3628 8953 818 5818 5795 6547 311 8798 5397 4157 5596 8623 9724 4918 4090 5507 6634 2954 5612 7635 5693 3515 3640 8866 5437 7749 8894 146 7295 4341 5257 3057 1091 6917 4373 6966 9264 6067 4756 324 8955 128 3609 1632 6477 6271 1785 2640 8804 9533 2576 6423 1976 6010 5602 7560 6076 7613 9296 7971 2172 4098 6664 6900 2400 9989 3386 8147 2568 9243 5634 4683
3043 1732 4380 4782 2678 6170 1060 5016 7716 3556 1208 9347 85 1618 9257 2011 4486 9237 5365 423 7132 821 1231 4559 4353 2508 6548 1034 1667 5004 714 5588 2889 7295 7447 3130 5698 4794 4966 2398 3559 7373 2156 6224 9372 6320 2491 5635 4689 9048 8295 3596 4691 3883 3282 8629 3114 8183 902 6508 684 9475 733 2302 5052 7449 6450 5486 2908 4235 9444 8325 3816 6760 3080 677 5530 3153 2977 7635 1627 4803 890 7435 9402 4508 2914 3580 1823 4957 3429 5155 3994 9797 1776 5596 5734 1541 8305 647
7657 9620 3329 970 2749 5424 5953 5259 9726 5712 7562 3998 5287 1010 74 4963 1682 2920 4459 7345 5446 1374 3388 6622 2713 3144 1526 3021 7678 1602 6368 6129 9162 7395 9426 9755 360 7415 3639 6882 4437 8174 1054 6828 7455 10 6912 6815 341 2386 8698 5331 6186 8738 9737 8681 8398 1366 307 9567 2436 2644 139 1881 4495 6122 1105 9084 2241 1025 8755 5045 7370 5167 3440 582 3662 2681 8177 6241 1112 3877 7898 8488 8844 9354 5191 295 3779 4201 5066 1697 3823 5814 7496 4370 8026 3621 7229 2657
2057 3195 8448 4773 6589 1002 3800 2434 5649 8094 5203 7942 4809 5943 2284 6126 8277 185 291 5492 9570 3794 8145 865 3357 7591 4951 9416 2597 6340 8772 9283 2687 528 6968 7772 888 2766 9861 7327 4338 6086 73 2097 7245 1483 5841 2411 456 4205 3694 2458 4983 4617 4774 8738 6322 7700 7460 7369 8413 359 1657 2680 3163 4243 530 3625 5236 4522 9879 9828 6606 3230 1397 4166 7957 1477 2660 5495 6214 8910 8988 8418 419 3930 507 2503 8968 8275 9206 4080 7628 3961 4708 4277 1060 5506 4074 6059
7398 9016 7272 5094 5937 4936 9722 4566 4295 9103 8001 6490 5597 3226 6075 1752 7221 4564 3036 7187 3115 1434 6535 2443 9912 8589 5332 2682 7495 776 3946 577 7935 4975 6546 8527 6722 7932 6015 380 700 9583 1908 2771 5314 9063 8475 3788 7655 3352 909 1280 1360 2985 8882 1190 9482 5409 1153 3781 6288 225 5241 9813 6479 3737 7557 5089 8378 6483 8774 3005 648 9717 5866 9857 6719 4281 7187 6822 3694 6808 5461 9801 9814 2769 2379 6640 4684 4571 3924 3869 8801 9012 4927 3700 6400 2814 8609 2245
4169 4611 2321 4119 6432 2098 987 9751 946 2340 8655 4832 4091 5206 687 6103 7001 1156 9623 5736 2575 8265 1128 2298 3110 3032 8221 6464 3040 3246 9049 6037 5600 6485 4970 7676 9390 364 3877 8080 5993 2079 191 5504 8856 5369 7717 5064 857 9026 2471 2327 3020 1616 4368 9290 9642 4895 6565 2978 6583 5597 9013 3094 5014 8195 9609 8461 5791 9472 344 2482 760 1896 1860 4884 3793 7698 5647 2283 7758 857 3814 1724 7759 505 3730 7158 4623 1244 2519 8859 2005 7582 559 9286 7973 3747 1147 9262
